Table Name,State Code,District Code,Tehsil Code,Area Name,Total/ Rural/ Urban,Age-group,Total population - Persons,Total population - Males,Total population - Females,Population attending educational institutions - Persons,Population attending educational institutions - Males,Population attending educational institutions - Females,Type of educational institution - School - Persons,Type of educational institution - School - Males,Type of educational institution - School - Females,Type of educational institution - College - Persons,Type of educational institution - College - Males,Type of educational institution - College - Females,Type of educational institution - Vocational institute - Persons,Type of educational institution - Vocational institute - Males,Type of educational institution - Vocational institute - Females,Type of educational institution - Other institute - Persons,Type of educational institution - Other institute - Males,Type of educational institution - Other institute - Females,Type of educational institution - Literacy centre - Persons,Type of educational institution - Literacy centre - Males,Type of educational institution - Literacy centre - Females
C3010,00,00,0000,INDIA,Total,All ages,1028610328,532156772,496453556,228763727,129501591,99262136,210130875,117858269,92272606,14430284,9343287,5086997,1659887,1142799,517088,775406,510953,264453,1767275,646283,1120992
C3010,00,00,0000,INDIA,Total,0-4,110447164,57119612,53327552,2856810,1514939,1341871,2856810,1514939,1341871,0,0,0,0,0,0,0,0,0,0,0,0
C3010,00,00,0000,INDIA,Total,5,26959509,14216386,12743123,5210610,2831066,2379544,5210610,2831066,2379544,0,0,0,0,0,0,0,0,0,0,0,0
C3010,00,00,0000,INDIA,Total,6,26412941,13663205,12749736,10727389,5755119,4972270,10727389,5755119,4972270,0,0,0,0,0,0,0,0,0,0,0,0
C3010,00,00,0000,INDIA,Total,7,23045028,11910330,11134698,16463794,8805921,7657873,16463794,8805921,7657873,0,0,0,0,0,0,0,0,0,0,0,0
C3010,00,00,0000,INDIA,Total,8,31031074,16174274,14856800,22841517,12405056,10436461,22841517,12405056,10436461,0,0,0,0,0,0,0,0,0,0,0,0
C3010,00,00,0000,INDIA,Total,9,20868238,10770638,10097600,17221599,9182468,8039131,17221599,9182468,8039131,0,0,0,0,0,0,0,0,0,0,0,0
C3010,00,00,0000,INDIA,Total,10,33855378,17941703,15913675,25736938,14307550,11429388,25736938,14307550,11429388,0,0,0,0,0,0,0,0,0,0,0,0
C3010,00,00,0000,INDIA,Total,11,18078949,9505257,8573692,15177405,8284515,6892890,15177405,8284515,6892890,0,0,0,0,0,0,0,0,0,0,0,0
C3010,00,00,0000,INDIA,Total,12,30427429,16153819,14273610,22417465,12659924,9757541,22417465,12659924,9757541,0,0,0,0,0,0,0,0,0,0,0,0
C3010,00,00,0000,INDIA,Total,13,19897051,10219364,9677687,15005416,8231753,6773663,15005416,8231753,6773663,0,0,0,0,0,0,0,0,0,0,0,0
C3010,00,00,0000,INDIA,Total,14,22588051,11812734,10775317,15235440,8657099,6578341,15235440,8657099,6578341,0,0,0,0,0,0,0,0,0,0,0,0
C3010,00,00,0000,INDIA,Total,15-19,100215890,53939991,46275899,43876288,26447318,17428970,37634755,22740843,14893912,5159711,3028699,2131012,655987,436360,219627,323238,203087,120151,102597,38329,64268
C3010,00,00,0000,INDIA,Total,20-24,89764132,46321150,43442982,12332462,8211062,4121400,3601737,2482016,1119721,7734646,5149063,2585583,520860,363705,157155,183720,121118,62602,291499,95160,196339
C3010,00,00,0000,INDIA,Total,25-29,83422393,41557546,41864847,1746604,1176837,569767,0,0,0,1007620,774072,233548,257288,193873,63415,129091,92128,36963,352605,116764,235841
C3010,00,00,0000,INDIA,Total,30-34,74274044,37361916,36912128,678401,358596,319805,0,0,0,212238,157606,54632,72198,50224,21974,46593,31815,14778,347372,118951,228421
C3010,00,00,0000,INDIA,Total,35-59,237962264,124219958,113742306,1050389,558859,491530,0,0,0,244302,183680,60622,119951,78831,41120,75041,51136,23905,611095,245212,365883
C3010,00,00,0000,INDIA,Total,60+,76622321,37768327,38853994,147458,90218,57240,0,0,0,48403,35272,13131,27066,15347,11719,14278,9491,4787,57711,30108,27603
C3010,00,00,0000,INDIA,Total,Age not stated,2738472,1500562,1237910,37742,23291,14451,0,0,0,23364,14895,8469,6537,4459,2078,3445,2178,1267,4396,1759,2637
C3010,00,00,0000,INDIA,Rural,All ages,742490639,381602674,360887965,155644487,89732987,65911500,146349108,83664772,62684336,6510179,4699761,1810418,689074,483899,205175,413964,275713,138251,1682162,608842,1073320
C3010,00,00,0000,INDIA,Rural,0-4,85108410,43857198,41251212,1516066,804292,711774,1516066,804292,711774,0,0,0,0,0,0,0,0,0,0,0,0
C3010,00,00,0000,INDIA,Rural,5,20769519,10922483,9847036,3276350,1790887,1485463,3276350,1790887,1485463,0,0,0,0,0,0,0,0,0,0,0,0
C3010,00,00,0000,INDIA,Rural,6,20592568,10627967,9964601,7720432,4172766,3547666,7720432,4172766,3547666,0,0,0,0,0,0,0,0,0,0,0,0
C3010,00,00,0000,INDIA,Rural,7,17360501,8950259,8410242,11806168,6352931,5453237,11806168,6352931,5453237,0,0,0,0,0,0,0,0,0,0,0,0
C3010,00,00,0000,INDIA,Rural,8,23981724,12475322,11506402,16921007,9259187,7661820,16921007,9259187,7661820,0,0,0,0,0,0,0,0,0,0,0,0
C3010,00,00,0000,INDIA,Rural,9,15751933,8118667,7633266,12665973,6800746,5865227,12665973,6800746,5865227,0,0,0,0,0,0,0,0,0,0,0,0
C3010,00,00,0000,INDIA,Rural,10,25813075,13661419,12151656,18895030,10624310,8270720,18895030,10624310,8270720,0,0,0,0,0,0,0,0,0,0,0,0
C3010,00,00,0000,INDIA,Rural,11,13013528,6844903,6168625,10640797,5881931,4758866,10640797,5881931,4758866,0,0,0,0,0,0,0,0,0,0,0,0
C3010,00,00,0000,INDIA,Rural,12,22868526,12137327,10731199,16113942,9270651,6843291,16113942,9270651,6843291,0,0,0,0,0,0,0,0,0,0,0,0
C3010,00,00,0000,INDIA,Rural,13,14310749,7374738,6936011,10304338,5801729,4502609,10304338,5801729,4502609,0,0,0,0,0,0,0,0,0,0,0,0
C3010,00,00,0000,INDIA,Rural,14,16376444,8584358,7792086,10383694,6089437,4294257,10383694,6089437,4294257,0,0,0,0,0,0,0,0,0,0,0,0
C3010,00,00,0000,INDIA,Rural,15-19,70061823,37748418,32313405,26796204,17106446,9689758,23786899,15147458,8639441,2432706,1601418,831288,284898,197602,87296,195696,124860,70836,96005,35108,60897
C3010,00,00,0000,INDIA,Rural,20-24,61398904,31127482,30271422,6229997,4451288,1778709,2318412,1668447,649965,3345459,2489446,856013,200339,144412,55927,87092,59501,27591,278695,89482,189213
C3010,00,00,0000,INDIA,Rural,25-29,57685140,28377173,29307967,972633,626970,345663,0,0,0,487715,405718,81997,91535,70702,20833,54919,39960,14959,338464,110590,227874
C3010,00,00,0000,INDIA,Rural,30-34,51828879,25688779,26140100,496277,238884,257393,0,0,0,106252,87429,18823,31331,21329,10002,23192,15840,7352,335502,114286,221216
C3010,00,00,0000,INDIA,Rural,35-59,166227384,85711181,80516203,791385,391452,399933,0,0,0,109272,93353,15919,61687,39114,22573,41541,27849,13692,578885,231136,347749
C3010,00,00,0000,INDIA,Rural,60+,57444714,28359605,29085109,96520,57912,38608,0,0,0,19775,15894,3881,16647,8941,7706,9402,6317,3085,50696,26760,23936
C3010,00,00,0000,INDIA,Rural,Age not stated,1896818,1035395,861423,17674,11168,6506,0,0,0,9000,6503,2497,2637,1799,838,2122,1386,736,3915,1480,2435
C3010,00,00,0000,INDIA,Urban,All ages,286119689,150554098,135565591,73119240,39768604,33350636,63781767,34193497,29588270,7920105,4643526,3276579,970813,658900,311913,361442,235240,126202,85113,37441,47672
C3010,00,00,0000,INDIA,Urban,0-4,25338754,13262414,12076340,1340744,710647,630097,1340744,710647,630097,0,0,0,0,0,0,0,0,0,0,0,0
C3010,00,00,0000,INDIA,Urban,5,6189990,3293903,2896087,1934260,1040179,894081,1934260,1040179,894081,0,0,0,0,0,0,0,0,0,0,0,0
C3010,00,00,0000,INDIA,Urban,6,5820373,3035238,2785135,3006957,1582353,1424604,3006957,1582353,1424604,0,0,0,0,0,0,0,0,0,0,0,0
C3010,00,00,0000,INDIA,Urban,7,5684527,2960071,2724456,4657626,2452990,2204636,4657626,2452990,2204636,0,0,0,0,0,0,0,0,0,0,0,0
C3010,00,00,0000,INDIA,Urban,8,7049350,3698952,3350398,5920510,3145869,2774641,5920510,3145869,2774641,0,0,0,0,0,0,0,0,0,0,0,0
C3010,00,00,0000,INDIA,Urban,9,5116305,2651971,2464334,4555626,2381722,2173904,4555626,2381722,2173904,0,0,0,0,0,0,0,0,0,0,0,0
C3010,00,00,0000,INDIA,Urban,10,8042303,4280284,3762019,6841908,3683240,3158668,6841908,3683240,3158668,0,0,0,0,0,0,0,0,0,0,0,0
C3010,00,00,0000,INDIA,Urban,11,5065421,2660354,2405067,4536608,2402584,2134024,4536608,2402584,2134024,0,0,0,0,0,0,0,0,0,0,0,0
C3010,00,00,0000,INDIA,Urban,12,7558903,4016492,3542411,6303523,3389273,2914250,6303523,3389273,2914250,0,0,0,0,0,0,0,0,0,0,0,0
C3010,00,00,0000,INDIA,Urban,13,5586302,2844626,2741676,4701078,2430024,2271054,4701078,2430024,2271054,0,0,0,0,0,0,0,0,0,0,0,0
C3010,00,00,0000,INDIA,Urban,14,6211607,3228376,2983231,4851746,2567662,2284084,4851746,2567662,2284084,0,0,0,0,0,0,0,0,0,0,0,0
C3010,00,00,0000,INDIA,Urban,15-19,30154067,16191573,13962494,17080084,9340872,7739212,13847856,7593385,6254471,2727005,1427281,1299724,371089,238758,132331,127542,78227,49315,6592,3221,3371
C3010,00,00,0000,INDIA,Urban,20-24,28365228,15193668,13171560,6102465,3759774,2342691,1283325,813569,469756,4389187,2659617,1729570,320521,219293,101228,96628,61617,35011,12804,5678,7126
C3010,00,00,0000,INDIA,Urban,25-29,25737253,13180373,12556880,773971,549867,224104,0,0,0,519905,368354,151551,165753,123171,42582,74172,52168,22004,14141,6174,7967
C3010,00,00,0000,INDIA,Urban,30-34,22445165,11673137,10772028,182124,119712,62412,0,0,0,105986,70177,35809,40867,28895,11972,23401,15975,7426,11870,4665,7205
C3010,00,00,0000,INDIA,Urban,35-59,71734880,38508777,33226103,259004,167407,91597,0,0,0,135030,90327,44703,58264,39717,18547,33500,23287,10213,32210,14076,18134
C3010,00,00,0000,INDIA,Urban,60+,19177607,9408722,9768885,50938,32306,18632,0,0,0,28628,19378,9250,10419,6406,4013,4876,3174,1702,7015,3348,3667
C3010,00,00,0000,INDIA,Urban,Age not stated,841654,465167,376487,20068,12123,7945,0,0,0,14364,8392,5972,3900,2660,1240,1323,792,531,481,279,202
C3010,01,00,0000,State - JAMMU & KASHMIR  01,Total,All ages,10143700,5360926,4782774,2463443,1397468,1065975,2290691,1291632,999059,149235,89983,59252,14634,10143,4491,6716,4651,2065,2167,1059,1108
C3010,01,00,0000,State - JAMMU & KASHMIR  01,Total,0-4,963603,497184,466419,31890,17270,14620,31890,17270,14620,0,0,0,0,0,0,0,0,0,0,0,0
C3010,01,00,0000,State - JAMMU & KASHMIR  01,Total,5,237728,122741,114987,43814,24145,19669,43814,24145,19669,0,0,0,0,0,0,0,0,0,0,0,0
C3010,01,00,0000,State - JAMMU & KASHMIR  01,Total,6,284472,145469,139003,101039,55032,46007,101039,55032,46007,0,0,0,0,0,0,0,0,0,0,0,0
C3010,01,00,0000,State - JAMMU & KASHMIR  01,Total,7,217317,111487,105830,131183,71714,59469,131183,71714,59469,0,0,0,0,0,0,0,0,0,0,0,0
C3010,01,00,0000,State - JAMMU & KASHMIR  01,Total,8,321662,165379,156283,212245,116821,95424,212245,116821,95424,0,0,0,0,0,0,0,0,0,0,0,0
C3010,01,00,0000,State - JAMMU & KASHMIR  01,Total,9,231584,119404,112180,168889,92632,76257,168889,92632,76257,0,0,0,0,0,0,0,0,0,0,0,0
C3010,01,00,0000,State - JAMMU & KASHMIR  01,Total,10,368272,190872,177400,257996,143718,114278,257996,143718,114278,0,0,0,0,0,0,0,0,0,0,0,0
C3010,01,00,0000,State - JAMMU & KASHMIR  01,Total,11,178719,93395,85324,138960,77380,61580,138960,77380,61580,0,0,0,0,0,0,0,0,0,0,0,0
C3010,01,00,0000,State - JAMMU & KASHMIR  01,Total,12,333604,172296,161308,236907,133429,103478,236907,133429,103478,0,0,0,0,0,0,0,0,0,0,0,0
C3010,01,00,0000,State - JAMMU & KASHMIR  01,Total,13,210357,106871,103486,154716,85848,68868,154716,85848,68868,0,0,0,0,0,0,0,0,0,0,0,0
C3010,01,00,0000,State - JAMMU & KASHMIR  01,Total,14,269707,139403,130304,187458,106794,80664,187458,106794,80664,0,0,0,0,0,0,0,0,0,0,0,0
C3010,01,00,0000,State - JAMMU & KASHMIR  01,Total,15-19,1147081,592332,554749,587668,341414,246254,540040,313933,226107,42831,24368,18463,2780,1733,1047,1833,1288,545,184,92,92
C3010,01,00,0000,State - JAMMU & KASHMIR  01,Total,20-24,889969,476469,413500,172401,104715,67686,85554,52916,32638,81576,48530,33046,3683,2362,1321,1271,762,509,317,145,172
C3010,01,00,0000,State - JAMMU & KASHMIR  01,Total,25-29,789383,422668,366715,20803,13914,6889,0,0,0,16146,10748,5398,3002,2066,936,1373,964,409,282,136,146
C3010,01,00,0000,State - JAMMU & KASHMIR  01,Total,30-34,697138,378777,318361,5874,4236,1638,0,0,0,3780,2731,1049,1289,972,317,548,406,142,257,127,130
C3010,01,00,0000,State - JAMMU & KASHMIR  01,Total,35-59,2282065,1235516,1046549,9199,6814,2385,0,0,0,3652,2801,851,3253,2551,702,1416,1039,377,878,423,455
C3010,01,00,0000,State - JAMMU & KASHMIR  01,Total,60+,675324,365827,309497,1914,1285,629,0,0,0,896,584,312,561,415,146,229,160,69,228,126,102
C3010,01,00,0000,State - JAMMU & KASHMIR  01,Total,Age not stated,45715,24836,20879,487,307,180,0,0,0,354,221,133,66,44,22,46,32,14,21,10,11
C3010,01,00,0000,State - JAMMU & KASHMIR  01,Rural,All ages,7627062,3977652,3649410,1726467,999164,727303,1649951,947739,702212,64884,43640,21244,6542,4614,1928,3526,2441,1085,1564,730,834
C3010,01,00,0000,State - JAMMU & KASHMIR  01,Rural,0-4,790696,404720,385976,17374,9557,7817,17374,9557,7817,0,0,0,0,0,0,0,0,0,0,0,0
C3010,01,00,0000,State - JAMMU & KASHMIR  01,Rural,5,192900,98853,94047,27495,15301,12194,27495,15301,12194,0,0,0,0,0,0,0,0,0,0,0,0
C3010,01,00,0000,State - JAMMU & KASHMIR  01,Rural,6,231369,117236,114133,71943,39412,32531,71943,39412,32531,0,0,0,0,0,0,0,0,0,0,0,0
C3010,01,00,0000,State - JAMMU & KASHMIR  01,Rural,7,171613,87310,84303,95050,52269,42781,95050,52269,42781,0,0,0,0,0,0,0,0,0,0,0,0
C3010,01,00,0000,State - JAMMU & KASHMIR  01,Rural,8,257828,131577,126251,159535,88453,71082,159535,88453,71082,0,0,0,0,0,0,0,0,0,0,0,0
C3010,01,00,0000,State - JAMMU & KASHMIR  01,Rural,9,183644,93942,89702,127549,70253,57296,127549,70253,57296,0,0,0,0,0,0,0,0,0,0,0,0
C3010,01,00,0000,State - JAMMU & KASHMIR  01,Rural,10,290808,149858,140950,192696,108557,84139,192696,108557,84139,0,0,0,0,0,0,0,0,0,0,0,0
C3010,01,00,0000,State - JAMMU & KASHMIR  01,Rural,11,138926,72418,66508,103672,58470,45202,103672,58470,45202,0,0,0,0,0,0,0,0,0,0,0,0
C3010,01,00,0000,State - JAMMU & KASHMIR  01,Rural,12,263074,135123,127951,176909,101211,75698,176909,101211,75698,0,0,0,0,0,0,0,0,0,0,0,0
C3010,01,00,0000,State - JAMMU & KASHMIR  01,Rural,13,162134,82161,79973,112945,64043,48902,112945,64043,48902,0,0,0,0,0,0,0,0,0,0,0,0
C3010,01,00,0000,State - JAMMU & KASHMIR  01,Rural,14,208181,107099,101082,135883,79090,56793,135883,79090,56793,0,0,0,0,0,0,0,0,0,0,0,0
C3010,01,00,0000,State - JAMMU & KASHMIR  01,Rural,15-19,866386,444691,421695,392612,237556,155056,371137,224022,147115,19012,11963,7049,1207,713,494,1141,812,329,115,46,69
C3010,01,00,0000,State - JAMMU & KASHMIR  01,Rural,20-24,644484,339507,304977,95032,61808,33224,57763,37101,20662,34913,23219,11694,1473,998,475,660,388,272,223,102,121
C3010,01,00,0000,State - JAMMU & KASHMIR  01,Rural,25-29,560822,293086,267736,9405,6986,2419,0,0,0,7382,5541,1841,1307,977,330,524,377,147,192,91,101
C3010,01,00,0000,State - JAMMU & KASHMIR  01,Rural,30-34,488681,257102,231579,2733,2118,615,0,0,0,1652,1349,303,617,474,143,272,205,67,192,90,102
C3010,01,00,0000,State - JAMMU & KASHMIR  01,Rural,35-59,1625717,863871,761846,4442,3293,1149,0,0,0,1440,1236,204,1607,1223,384,762,548,214,633,286,347
C3010,01,00,0000,State - JAMMU & KASHMIR  01,Rural,60+,515262,280676,234586,955,631,324,0,0,0,331,229,102,295,205,90,135,88,47,194,109,85
C3010,01,00,0000,State - JAMMU & KASHMIR  01,Rural,Age not stated,34537,18422,16115,237,156,81,0,0,0,154,103,51,36,24,12,32,23,9,15,6,9
C3010,01,00,0000,State - JAMMU & KASHMIR  01,Urban,All ages,2516638,1383274,1133364,736976,398304,338672,640740,343893,296847,84351,46343,38008,8092,5529,2563,3190,2210,980,603,329,274
C3010,01,00,0000,State - JAMMU & KASHMIR  01,Urban,0-4,172907,92464,80443,14516,7713,6803,14516,7713,6803,0,0,0,0,0,0,0,0,0,0,0,0
C3010,01,00,0000,State - JAMMU & KASHMIR  01,Urban,5,44828,23888,20940,16319,8844,7475,16319,8844,7475,0,0,0,0,0,0,0,0,0,0,0,0
C3010,01,00,0000,State - JAMMU & KASHMIR  01,Urban,6,53103,28233,24870,29096,15620,13476,29096,15620,13476,0,0,0,0,0,0,0,0,0,0,0,0
C3010,01,00,0000,State - JAMMU & KASHMIR  01,Urban,7,45704,24177,21527,36133,19445,16688,36133,19445,16688,0,0,0,0,0,0,0,0,0,0,0,0
C3010,01,00,0000,State - JAMMU & KASHMIR  01,Urban,8,63834,33802,30032,52710,28368,24342,52710,28368,24342,0,0,0,0,0,0,0,0,0,0,0,0
C3010,01,00,0000,State - JAMMU & KASHMIR  01,Urban,9,47940,25462,22478,41340,22379,18961,41340,22379,18961,0,0,0,0,0,0,0,0,0,0,0,0
C3010,01,00,0000,State - JAMMU & KASHMIR  01,Urban,10,77464,41014,36450,65300,35161,30139,65300,35161,30139,0,0,0,0,0,0,0,0,0,0,0,0
C3010,01,00,0000,State - JAMMU & KASHMIR  01,Urban,11,39793,20977,18816,35288,18910,16378,35288,18910,16378,0,0,0,0,0,0,0,0,0,0,0,0
C3010,01,00,0000,State - JAMMU & KASHMIR  01,Urban,12,70530,37173,33357,59998,32218,27780,59998,32218,27780,0,0,0,0,0,0,0,0,0,0,0,0
C3010,01,00,0000,State - JAMMU & KASHMIR  01,Urban,13,48223,24710,23513,41771,21805,19966,41771,21805,19966,0,0,0,0,0,0,0,0,0,0,0,0
C3010,01,00,0000,State - JAMMU & KASHMIR  01,Urban,14,61526,32304,29222,51575,27704,23871,51575,27704,23871,0,0,0,0,0,0,0,0,0,0,0,0
C3010,01,00,0000,State - JAMMU & KASHMIR  01,Urban,15-19,280695,147641,133054,195056,103858,91198,168903,89911,78992,23819,12405,11414,1573,1020,553,692,476,216,69,46,23
C3010,01,00,0000,State - JAMMU & KASHMIR  01,Urban,20-24,245485,136962,108523,77369,42907,34462,27791,15815,11976,46663,25311,21352,2210,1364,846,611,374,237,94,43,51
C3010,01,00,0000,State - JAMMU & KASHMIR  01,Urban,25-29,228561,129582,98979,11398,6928,4470,0,0,0,8764,5207,3557,1695,1089,606,849,587,262,90,45,45
C3010,01,00,0000,State - JAMMU & KASHMIR  01,Urban,30-34,208457,121675,86782,3141,2118,1023,0,0,0,2128,1382,746,672,498,174,276,201,75,65,37,28
C3010,01,00,0000,State - JAMMU & KASHMIR  01,Urban,35-59,656348,371645,284703,4757,3521,1236,0,0,0,2212,1565,647,1646,1328,318,654,491,163,245,137,108
C3010,01,00,0000,State - JAMMU & KASHMIR  01,Urban,60+,160062,85151,74911,959,654,305,0,0,0,565,355,210,266,210,56,94,72,22,34,17,17
C3010,01,00,0000,State - JAMMU & KASHMIR  01,Urban,Age not stated,11178,6414,4764,250,151,99,0,0,0,200,118,82,30,20,10,14,9,5,6,4,2
C3010,02,00,0000,State - HIMACHAL PRADESH  02,Total,All ages,6077900,3087940,2989960,1708015,911750,796265,1570152,832698,737454,116163,66099,50064,10800,6984,3816,7827,4815,3012,3073,1154,1919
C3010,02,00,0000,State - HIMACHAL PRADESH  02,Total,0-4,560187,296555,263632,9896,5497,4399,9896,5497,4399,0,0,0,0,0,0,0,0,0,0,0,0
C3010,02,00,0000,State - HIMACHAL PRADESH  02,Total,5,123996,65408,58588,26057,14269,11788,26057,14269,11788,0,0,0,0,0,0,0,0,0,0,0,0
C3010,02,00,0000,State - HIMACHAL PRADESH  02,Total,6,108954,56463,52491,65978,34947,31031,65978,34947,31031,0,0,0,0,0,0,0,0,0,0,0,0
C3010,02,00,0000,State - HIMACHAL PRADESH  02,Total,7,117677,61554,56123,108169,57166,51003,108169,57166,51003,0,0,0,0,0,0,0,0,0,0,0,0
C3010,02,00,0000,State - HIMACHAL PRADESH  02,Total,8,137680,71958,65722,130640,68804,61836,130640,68804,61836,0,0,0,0,0,0,0,0,0,0,0,0
C3010,02,00,0000,State - HIMACHAL PRADESH  02,Total,9,130857,67675,63182,126648,65812,60836,126648,65812,60836,0,0,0,0,0,0,0,0,0,0,0,0
C3010,02,00,0000,State - HIMACHAL PRADESH  02,Total,10,151321,78154,73167,145149,75530,69619,145149,75530,69619,0,0,0,0,0,0,0,0,0,0,0,0
C3010,02,00,0000,State - HIMACHAL PRADESH  02,Total,11,127690,65993,61697,123785,64335,59450,123785,64335,59450,0,0,0,0,0,0,0,0,0,0,0,0
C3010,02,00,0000,State - HIMACHAL PRADESH  02,Total,12,152423,78352,74071,145059,75328,69731,145059,75328,69731,0,0,0,0,0,0,0,0,0,0,0,0
C3010,02,00,0000,State - HIMACHAL PRADESH  02,Total,13,134792,67786,67006,127441,65053,62388,127441,65053,62388,0,0,0,0,0,0,0,0,0,0,0,0
C3010,02,00,0000,State - HIMACHAL PRADESH  02,Total,14,138813,70972,67841,126676,66233,60443,126676,66233,60443,0,0,0,0,0,0,0,0,0,0,0,0
C3010,02,00,0000,State - HIMACHAL PRADESH  02,Total,15-19,626624,324318,302306,439892,238039,201853,398532,216543,181989,36775,18929,17846,2694,1547,1147,1784,979,805,107,41,66
C3010,02,00,0000,State - HIMACHAL PRADESH  02,Total,20-24,583029,295703,287326,115075,69422,45653,36122,23181,12941,71559,41685,29874,4402,2928,1474,2684,1514,1170,308,114,194
C3010,02,00,0000,State - HIMACHAL PRADESH  02,Total,25-29,517507,256532,260975,10555,7221,3334,0,0,0,5879,4168,1711,2108,1476,632,2213,1460,753,355,117,238
C3010,02,00,0000,State - HIMACHAL PRADESH  02,Total,30-34,432675,215401,217274,2114,1324,790,0,0,0,702,487,215,495,339,156,527,383,144,390,115,275
C3010,02,00,0000,State - HIMACHAL PRADESH  02,Total,35-59,1471395,736070,735325,3568,1960,1608,0,0,0,740,519,221,826,525,301,480,374,106,1522,542,980
C3010,02,00,0000,State - HIMACHAL PRADESH  02,Total,60+,547564,270846,276718,1161,713,448,0,0,0,438,275,163,242,142,100,93,72,21,388,224,164
C3010,02,00,0000,State - HIMACHAL PRADESH  02,Total,Age not stated,14716,8200,6516,152,97,55,0,0,0,70,36,34,33,27,6,46,33,13,3,1,2
C3010,02,00,0000,State - HIMACHAL PRADESH  02,Rural,All ages,5482319,2756073,2726246,1530320,815709,714611,1427415,755685,671730,86474,50392,36082,7732,4974,2758,5818,3599,2219,2881,1059,1822
C3010,02,00,0000,State - HIMACHAL PRADESH  02,Rural,0-4,517539,273478,244061,6968,3878,3090,6968,3878,3090,0,0,0,0,0,0,0,0,0,0,0,0
C3010,02,00,0000,State - HIMACHAL PRADESH  02,Rural,5,113628,59692,53936,21828,11919,9909,21828,11919,9909,0,0,0,0,0,0,0,0,0,0,0,0
C3010,02,00,0000,State - HIMACHAL PRADESH  02,Rural,6,99461,51364,48097,59902,31663,28239,59902,31663,28239,0,0,0,0,0,0,0,0,0,0,0,0
C3010,02,00,0000,State - HIMACHAL PRADESH  02,Rural,7,107112,55856,51256,98338,51830,46508,98338,51830,46508,0,0,0,0,0,0,0,0,0,0,0,0
C3010,02,00,0000,State - HIMACHAL PRADESH  02,Rural,8,126072,65571,60501,119683,62738,56945,119683,62738,56945,0,0,0,0,0,0,0,0,0,0,0,0
C3010,02,00,0000,State - HIMACHAL PRADESH  02,Rural,9,120131,61834,58297,116344,60197,56147,116344,60197,56147,0,0,0,0,0,0,0,0,0,0,0,0
C3010,02,00,0000,State - HIMACHAL PRADESH  02,Rural,10,138386,71164,67222,132841,68844,63997,132841,68844,63997,0,0,0,0,0,0,0,0,0,0,0,0
C3010,02,00,0000,State - HIMACHAL PRADESH  02,Rural,11,116769,60149,56620,113231,58674,54557,113231,58674,54557,0,0,0,0,0,0,0,0,0,0,0,0
C3010,02,00,0000,State - HIMACHAL PRADESH  02,Rural,12,139686,71539,68147,132948,68868,64080,132948,68868,64080,0,0,0,0,0,0,0,0,0,0,0,0
C3010,02,00,0000,State - HIMACHAL PRADESH  02,Rural,13,123195,61585,61610,116380,59147,57233,116380,59147,57233,0,0,0,0,0,0,0,0,0,0,0,0
C3010,02,00,0000,State - HIMACHAL PRADESH  02,Rural,14,126959,64676,62283,115660,60436,55224,115660,60436,55224,0,0,0,0,0,0,0,0,0,0,0,0
C3010,02,00,0000,State - HIMACHAL PRADESH  02,Rural,15-19,564788,289354,275434,391889,212859,179030,360397,196221,164176,28045,14776,13269,1924,1064,860,1433,764,669,90,34,56
C3010,02,00,0000,State - HIMACHAL PRADESH  02,Rural,20-24,515945,256218,259727,91217,56155,35062,32895,21270,11625,52845,31572,21273,3158,2086,1072,2036,1129,907,283,98,185
C3010,02,00,0000,State - HIMACHAL PRADESH  02,Rural,25-29,458593,224315,234278,7608,5386,2222,0,0,0,4330,3177,1153,1430,1045,385,1539,1071,468,309,93,216
C3010,02,00,0000,State - HIMACHAL PRADESH  02,Rural,30-34,381339,187653,193686,1563,988,575,0,0,0,495,363,132,357,257,100,347,266,81,364,102,262
C3010,02,00,0000,State - HIMACHAL PRADESH  02,Rural,35-59,1308915,642775,666140,2881,1505,1376,0,0,0,413,298,115,644,398,246,361,294,67,1463,515,948
C3010,02,00,0000,State - HIMACHAL PRADESH  02,Rural,60+,510321,251419,258902,917,544,373,0,0,0,290,176,114,199,108,91,58,43,15,370,217,153
C3010,02,00,0000,State - HIMACHAL PRADESH  02,Rural,Age not stated,13480,7431,6049,122,78,44,0,0,0,56,30,26,20,16,4,44,32,12,2,0,2
C3010,02,00,0000,State - HIMACHAL PRADESH  02,Urban,All ages,595581,331867,263714,177695,96041,81654,142737,77013,65724,29689,15707,13982,3068,2010,1058,2009,1216,793,192,95,97
C3010,02,00,0000,State - HIMACHAL PRADESH  02,Urban,0-4,42648,23077,19571,2928,1619,1309,2928,1619,1309,0,0,0,0,0,0,0,0,0,0,0,0
C3010,02,00,0000,State - HIMACHAL PRADESH  02,Urban,5,10368,5716,4652,4229,2350,1879,4229,2350,1879,0,0,0,0,0,0,0,0,0,0,0,0
C3010,02,00,0000,State - HIMACHAL PRADESH  02,Urban,6,9493,5099,4394,6076,3284,2792,6076,3284,2792,0,0,0,0,0,0,0,0,0,0,0,0
C3010,02,00,0000,State - HIMACHAL PRADESH  02,Urban,7,10565,5698,4867,9831,5336,4495,9831,5336,4495,0,0,0,0,0,0,0,0,0,0,0,0
C3010,02,00,0000,State - HIMACHAL PRADESH  02,Urban,8,11608,6387,5221,10957,6066,4891,10957,6066,4891,0,0,0,0,0,0,0,0,0,0,0,0
C3010,02,00,0000,State - HIMACHAL PRADESH  02,Urban,9,10726,5841,4885,10304,5615,4689,10304,5615,4689,0,0,0,0,0,0,0,0,0,0,0,0
C3010,02,00,0000,State - HIMACHAL PRADESH  02,Urban,10,12935,6990,5945,12308,6686,5622,12308,6686,5622,0,0,0,0,0,0,0,0,0,0,0,0
C3010,02,00,0000,State - HIMACHAL PRADESH  02,Urban,11,10921,5844,5077,10554,5661,4893,10554,5661,4893,0,0,0,0,0,0,0,0,0,0,0,0
C3010,02,00,0000,State - HIMACHAL PRADESH  02,Urban,12,12737,6813,5924,12111,6460,5651,12111,6460,5651,0,0,0,0,0,0,0,0,0,0,0,0
C3010,02,00,0000,State - HIMACHAL PRADESH  02,Urban,13,11597,6201,5396,11061,5906,5155,11061,5906,5155,0,0,0,0,0,0,0,0,0,0,0,0
C3010,02,00,0000,State - HIMACHAL PRADESH  02,Urban,14,11854,6296,5558,11016,5797,5219,11016,5797,5219,0,0,0,0,0,0,0,0,0,0,0,0
C3010,02,00,0000,State - HIMACHAL PRADESH  02,Urban,15-19,61836,34964,26872,48003,25180,22823,38135,20322,17813,8730,4153,4577,770,483,287,351,215,136,17,7,10
C3010,02,00,0000,State - HIMACHAL PRADESH  02,Urban,20-24,67084,39485,27599,23858,13267,10591,3227,1911,1316,18714,10113,8601,1244,842,402,648,385,263,25,16,9
C3010,02,00,0000,State - HIMACHAL PRADESH  02,Urban,25-29,58914,32217,26697,2947,1835,1112,0,0,0,1549,991,558,678,431,247,674,389,285,46,24,22
C3010,02,00,0000,State - HIMACHAL PRADESH  02,Urban,30-34,51336,27748,23588,551,336,215,0,0,0,207,124,83,138,82,56,180,117,63,26,13,13
C3010,02,00,0000,State - HIMACHAL PRADESH  02,Urban,35-59,162480,93295,69185,687,455,232,0,0,0,327,221,106,182,127,55,119,80,39,59,27,32
C3010,02,00,0000,State - HIMACHAL PRADESH  02,Urban,60+,37243,19427,17816,244,169,75,0,0,0,148,99,49,43,34,9,35,29,6,18,7,11
C3010,02,00,0000,State - HIMACHAL PRADESH  02,Urban,Age not stated,1236,769,467,30,19,11,0,0,0,14,6,8,13,11,2,2,1,1,1,1,0
C3010,03,00,0000,State - PUNJAB  03,Total,All ages,24358999,12985045,11373954,5811218,3192103,2619115,5404412,2986112,2418300,332917,164003,168914,38968,24352,14616,25939,14139,11800,8982,3497,5485
C3010,03,00,0000,State - PUNJAB  03,Total,0-4,2128738,1186499,942239,84560,47934,36626,84560,47934,36626,0,0,0,0,0,0,0,0,0,0,0,0
C3010,03,00,0000,State - PUNJAB  03,Total,5,534806,300142,234664,133391,77137,56254,133391,77137,56254,0,0,0,0,0,0,0,0,0,0,0,0
C3010,03,00,0000,State - PUNJAB  03,Total,6,508285,277160,231125,241140,134376,106764,241140,134376,106764,0,0,0,0,0,0,0,0,0,0,0,0
C3010,03,00,0000,State - PUNJAB  03,Total,7,510806,278813,231993,408693,226955,181738,408693,226955,181738,0,0,0,0,0,0,0,0,0,0,0,0
C3010,03,00,0000,State - PUNJAB  03,Total,8,612014,335118,276896,519394,288574,230820,519394,288574,230820,0,0,0,0,0,0,0,0,0,0,0,0
C3010,03,00,0000,State - PUNJAB  03,Total,9,491457,267731,223726,441459,243170,198289,441459,243170,198289,0,0,0,0,0,0,0,0,0,0,0,0
C3010,03,00,0000,State - PUNJAB  03,Total,10,688107,378175,309932,592739,329544,263195,592739,329544,263195,0,0,0,0,0,0,0,0,0,0,0,0
C3010,03,00,0000,State - PUNJAB  03,Total,11,469071,254374,214697,421515,230820,190695,421515,230820,190695,0,0,0,0,0,0,0,0,0,0,0,0
C3010,03,00,0000,State - PUNJAB  03,Total,12,631912,341074,290838,533017,291145,241872,533017,291145,241872,0,0,0,0,0,0,0,0,0,0,0,0
C3010,03,00,0000,State - PUNJAB  03,Total,13,503385,261931,241454,421207,222374,198833,421207,222374,198833,0,0,0,0,0,0,0,0,0,0,0,0
C3010,03,00,0000,State - PUNJAB  03,Total,14,539295,287345,251950,418421,227146,191275,418421,227146,191275,0,0,0,0,0,0,0,0,0,0,0,0
C3010,03,00,0000,State - PUNJAB  03,Total,15-19,2555933,1393473,1162460,1275061,698373,576688,1116263,622164,494099,132825,61311,71514,14506,9088,5418,11068,5598,5470,399,212,187
C3010,03,00,0000,State - PUNJAB  03,Total,20-24,2339151,1255974,1083177,279997,151684,128313,72613,44773,27840,182537,92129,90408,14367,9236,5131,9514,5059,4455,966,487,479
C3010,03,00,0000,State - PUNJAB  03,Total,25-29,1945622,1012264,933358,18945,11618,7327,0,0,0,10066,6112,3954,4428,2908,1520,3353,2167,1186,1098,431,667
C3010,03,00,0000,State - PUNJAB  03,Total,30-34,1769154,889759,879395,5349,2911,2438,0,0,0,2092,1222,870,1338,783,555,740,511,229,1179,395,784
C3010,03,00,0000,State - PUNJAB  03,Total,35-59,5845668,3101181,2744487,11407,5708,5699,0,0,0,3296,2059,1237,2920,1607,1313,846,577,269,4345,1465,2880
C3010,03,00,0000,State - PUNJAB  03,Total,60+,2191693,1111691,1080002,4110,2205,1905,0,0,0,1564,890,674,1246,630,616,348,201,147,952,484,468
C3010,03,00,0000,State - PUNJAB  03,Total,Age not stated,93902,52341,41561,813,429,384,0,0,0,537,280,257,163,100,63,70,26,44,43,23,20
C3010,03,00,0000,State - PUNJAB  03,Rural,All ages,16096488,8516596,7579892,3673107,2036137,1636970,3512087,1951585,1560502,126621,65785,60836,15650,9825,5825,11476,6345,5131,7273,2597,4676
C3010,03,00,0000,State - PUNJAB  03,Rural,0-4,1461660,815187,646473,38465,21805,16660,38465,21805,16660,0,0,0,0,0,0,0,0,0,0,0,0
C3010,03,00,0000,State - PUNJAB  03,Rural,5,365778,204805,160973,74115,42982,31133,74115,42982,31133,0,0,0,0,0,0,0,0,0,0,0,0
C3010,03,00,0000,State - PUNJAB  03,Rural,6,349288,189864,159424,158314,88040,70274,158314,88040,70274,0,0,0,0,0,0,0,0,0,0,0,0
C3010,03,00,0000,State - PUNJAB  03,Rural,7,348530,189763,158767,275846,153018,122828,275846,153018,122828,0,0,0,0,0,0,0,0,0,0,0,0
C3010,03,00,0000,State - PUNJAB  03,Rural,8,416563,226894,189669,352453,195089,157364,352453,195089,157364,0,0,0,0,0,0,0,0,0,0,0,0
C3010,03,00,0000,State - PUNJAB  03,Rural,9,341752,185187,156565,306828,168341,138487,306828,168341,138487,0,0,0,0,0,0,0,0,0,0,0,0
C3010,03,00,0000,State - PUNJAB  03,Rural,10,463052,252491,210561,397712,220127,177585,397712,220127,177585,0,0,0,0,0,0,0,0,0,0,0,0
C3010,03,00,0000,State - PUNJAB  03,Rural,11,317689,170975,146714,284653,155347,129306,284653,155347,129306,0,0,0,0,0,0,0,0,0,0,0,0
C3010,03,00,0000,State - PUNJAB  03,Rural,12,421358,225743,195615,352094,192295,159799,352094,192295,159799,0,0,0,0,0,0,0,0,0,0,0,0
C3010,03,00,0000,State - PUNJAB  03,Rural,13,336285,174195,162090,276928,147029,129899,276928,147029,129899,0,0,0,0,0,0,0,0,0,0,0,0
C3010,03,00,0000,State - PUNJAB  03,Rural,14,360300,190957,169343,271623,148982,122641,271623,148982,122641,0,0,0,0,0,0,0,0,0,0,0,0
C3010,03,00,0000,State - PUNJAB  03,Rural,15-19,1662364,898343,764021,743253,422963,320290,679668,391183,288485,52953,25639,27314,5178,3352,1826,5213,2667,2546,241,122,119
C3010,03,00,0000,State - PUNJAB  03,Rural,20-24,1497720,794494,703226,121253,69822,51431,43388,27347,16041,67477,36132,31345,5564,3700,1864,4164,2326,1838,660,317,343
C3010,03,00,0000,State - PUNJAB  03,Rural,25-29,1238921,634986,603935,7489,4591,2898,0,0,0,3678,2346,1332,1720,1129,591,1228,803,425,863,313,550
C3010,03,00,0000,State - PUNJAB  03,Rural,30-34,1142457,564590,577867,2596,1272,1324,0,0,0,706,456,250,631,341,290,252,172,80,1007,303,704
C3010,03,00,0000,State - PUNJAB  03,Rural,35-59,3733769,1960668,1773101,6923,3088,3835,0,0,0,1084,789,295,1680,879,801,401,259,142,3758,1161,2597
C3010,03,00,0000,State - PUNJAB  03,Rural,60+,1580959,805530,775429,2262,1195,1067,0,0,0,554,335,219,808,386,422,185,109,76,715,365,350
C3010,03,00,0000,State - PUNJAB  03,Rural,Age not stated,58043,31924,26119,300,151,149,0,0,0,169,88,81,69,38,31,33,9,24,29,16,13
C3010,03,00,0000,State - PUNJAB  03,Urban,All ages,8262511,4468449,3794062,2138111,1155966,982145,1892325,1034527,857798,206296,98218,108078,23318,14527,8791,14463,7794,6669,1709,900,809
C3010,03,00,0000,State - PUNJAB  03,Urban,0-4,667078,371312,295766,46095,26129,19966,46095,26129,19966,0,0,0,0,0,0,0,0,0,0,0,0
C3010,03,00,0000,State - PUNJAB  03,Urban,5,169028,95337,73691,59276,34155,25121,59276,34155,25121,0,0,0,0,0,0,0,0,0,0,0,0
C3010,03,00,0000,State - PUNJAB  03,Urban,6,158997,87296,71701,82826,46336,36490,82826,46336,36490,0,0,0,0,0,0,0,0,0,0,0,0
C3010,03,00,0000,State - PUNJAB  03,Urban,7,162276,89050,73226,132847,73937,58910,132847,73937,58910,0,0,0,0,0,0,0,0,0,0,0,0
C3010,03,00,0000,State - PUNJAB  03,Urban,8,195451,108224,87227,166941,93485,73456,166941,93485,73456,0,0,0,0,0,0,0,0,0,0,0,0
C3010,03,00,0000,State - PUNJAB  03,Urban,9,149705,82544,67161,134631,74829,59802,134631,74829,59802,0,0,0,0,0,0,0,0,0,0,0,0
C3010,03,00,0000,State - PUNJAB  03,Urban,10,225055,125684,99371,195027,109417,85610,195027,109417,85610,0,0,0,0,0,0,0,0,0,0,0,0
C3010,03,00,0000,State - PUNJAB  03,Urban,11,151382,83399,67983,136862,75473,61389,136862,75473,61389,0,0,0,0,0,0,0,0,0,0,0,0
C3010,03,00,0000,State - PUNJAB  03,Urban,12,210554,115331,95223,180923,98850,82073,180923,98850,82073,0,0,0,0,0,0,0,0,0,0,0,0
C3010,03,00,0000,State - PUNJAB  03,Urban,13,167100,87736,79364,144279,75345,68934,144279,75345,68934,0,0,0,0,0,0,0,0,0,0,0,0
C3010,03,00,0000,State - PUNJAB  03,Urban,14,178995,96388,82607,146798,78164,68634,146798,78164,68634,0,0,0,0,0,0,0,0,0,0,0,0
C3010,03,00,0000,State - PUNJAB  03,Urban,15-19,893569,495130,398439,531808,275410,256398,436595,230981,205614,79872,35672,44200,9328,5736,3592,5855,2931,2924,158,90,68
C3010,03,00,0000,State - PUNJAB  03,Urban,20-24,841431,461480,379951,158744,81862,76882,29225,17426,11799,115060,55997,59063,8803,5536,3267,5350,2733,2617,306,170,136
C3010,03,00,0000,State - PUNJAB  03,Urban,25-29,706701,377278,329423,11456,7027,4429,0,0,0,6388,3766,2622,2708,1779,929,2125,1364,761,235,118,117
C3010,03,00,0000,State - PUNJAB  03,Urban,30-34,626697,325169,301528,2753,1639,1114,0,0,0,1386,766,620,707,442,265,488,339,149,172,92,80
C3010,03,00,0000,State - PUNJAB  03,Urban,35-59,2111899,1140513,971386,4484,2620,1864,0,0,0,2212,1270,942,1240,728,512,445,318,127,587,304,283
C3010,03,00,0000,State - PUNJAB  03,Urban,60+,610734,306161,304573,1848,1010,838,0,0,0,1010,555,455,438,244,194,163,92,71,237,119,118
C3010,03,00,0000,State - PUNJAB  03,Urban,Age not stated,35859,20417,15442,513,278,235,0,0,0,368,192,176,94,62,32,37,17,20,14,7,7
C3010,04,00,0000,State - CHANDIGARH  04,Total,All ages,900635,506938,393697,246965,136119,110846,203897,112564,91333,33446,17459,15987,4235,2770,1465,5161,3233,1928,226,93,133
C3010,04,00,0000,State - CHANDIGARH  04,Total,0-4,79225,42917,36308,6965,3928,3037,6965,3928,3037,0,0,0,0,0,0,0,0,0,0,0,0
C3010,04,00,0000,State - CHANDIGARH  04,Total,5,19180,10461,8719,8590,4830,3760,8590,4830,3760,0,0,0,0,0,0,0,0,0,0,0,0
C3010,04,00,0000,State - CHANDIGARH  04,Total,6,17208,9286,7922,10385,5724,4661,10385,5724,4661,0,0,0,0,0,0,0,0,0,0,0,0
C3010,04,00,0000,State - CHANDIGARH  04,Total,7,17585,9510,8075,15067,8312,6755,15067,8312,6755,0,0,0,0,0,0,0,0,0,0,0,0
C3010,04,00,0000,State - CHANDIGARH  04,Total,8,20230,11022,9208,17622,9798,7824,17622,9798,7824,0,0,0,0,0,0,0,0,0,0,0,0
C3010,04,00,0000,State - CHANDIGARH  04,Total,9,15987,8636,7351,14557,7919,6638,14557,7919,6638,0,0,0,0,0,0,0,0,0,0,0,0
C3010,04,00,0000,State - CHANDIGARH  04,Total,10,21763,11927,9836,19330,10685,8645,19330,10685,8645,0,0,0,0,0,0,0,0,0,0,0,0
C3010,04,00,0000,State - CHANDIGARH  04,Total,11,15528,8505,7023,14327,7885,6442,14327,7885,6442,0,0,0,0,0,0,0,0,0,0,0,0
C3010,04,00,0000,State - CHANDIGARH  04,Total,12,20702,11284,9418,18186,9884,8302,18186,9884,8302,0,0,0,0,0,0,0,0,0,0,0,0
C3010,04,00,0000,State - CHANDIGARH  04,Total,13,16458,8672,7786,14726,7790,6936,14726,7790,6936,0,0,0,0,0,0,0,0,0,0,0,0
C3010,04,00,0000,State - CHANDIGARH  04,Total,14,17322,9540,7782,14716,8051,6665,14716,8051,6665,0,0,0,0,0,0,0,0,0,0,0,0
C3010,04,00,0000,State - CHANDIGARH  04,Total,15-19,93276,55014,38262,59418,32442,26976,46221,25746,20475,10202,4892,5310,1438,933,505,1527,856,671,30,15,15
C3010,04,00,0000,State - CHANDIGARH  04,Total,20-24,103533,60442,43091,27713,15442,12271,3205,2012,1193,20739,11019,9720,1728,1172,556,1970,1204,766,71,35,36
C3010,04,00,0000,State - CHANDIGARH  04,Total,25-29,93095,52897,40198,3398,2169,1229,0,0,0,1467,897,570,651,406,245,1221,844,377,59,22,37
C3010,04,00,0000,State - CHANDIGARH  04,Total,30-34,74786,42125,32661,746,476,270,0,0,0,324,199,125,151,92,59,247,180,67,24,5,19
C3010,04,00,0000,State - CHANDIGARH  04,Total,35-59,228545,130216,98329,912,594,318,0,0,0,501,317,184,204,136,68,170,128,42,37,13,24
C3010,04,00,0000,State - CHANDIGARH  04,Total,60+,44912,23744,21168,233,150,83,0,0,0,158,107,51,53,28,25,17,12,5,5,3,2
C3010,04,00,0000,State - CHANDIGARH  04,Total,Age not stated,1300,740,560,74,40,34,0,0,0,55,28,27,10,3,7,9,9,0,0,0,0
C3010,04,00,0000,State - CHANDIGARH  04,Rural,All ages,92120,56816,35304,20281,11401,8880,19010,10625,8385,919,570,349,139,83,56,184,113,71,29,10,19
C3010,04,00,0000,State - CHANDIGARH  04,Rural,0-4,10121,5462,4659,786,431,355,786,431,355,0,0,0,0,0,0,0,0,0,0,0,0
C3010,04,00,0000,State - CHANDIGARH  04,Rural,5,2317,1275,1042,1079,613,466,1079,613,466,0,0,0,0,0,0,0,0,0,0,0,0
C3010,04,00,0000,State - CHANDIGARH  04,Rural,6,1978,1068,910,1310,707,603,1310,707,603,0,0,0,0,0,0,0,0,0,0,0,0
C3010,04,00,0000,State - CHANDIGARH  04,Rural,7,2001,1089,912,1716,956,760,1716,956,760,0,0,0,0,0,0,0,0,0,0,0,0
C3010,04,00,0000,State - CHANDIGARH  04,Rural,8,2141,1159,982,1839,1018,821,1839,1018,821,0,0,0,0,0,0,0,0,0,0,0,0
C3010,04,00,0000,State - CHANDIGARH  04,Rural,9,1654,851,803,1509,778,731,1509,778,731,0,0,0,0,0,0,0,0,0,0,0,0
C3010,04,00,0000,State - CHANDIGARH  04,Rural,10,2192,1210,982,1897,1067,830,1897,1067,830,0,0,0,0,0,0,0,0,0,0,0,0
C3010,04,00,0000,State - CHANDIGARH  04,Rural,11,1442,813,629,1292,727,565,1292,727,565,0,0,0,0,0,0,0,0,0,0,0,0
C3010,04,00,0000,State - CHANDIGARH  04,Rural,12,1936,1084,852,1648,917,731,1648,917,731,0,0,0,0,0,0,0,0,0,0,0,0
C3010,04,00,0000,State - CHANDIGARH  04,Rural,13,1438,776,662,1239,655,584,1239,655,584,0,0,0,0,0,0,0,0,0,0,0,0
C3010,04,00,0000,State - CHANDIGARH  04,Rural,14,1596,939,657,1256,711,545,1256,711,545,0,0,0,0,0,0,0,0,0,0,0,0
C3010,04,00,0000,State - CHANDIGARH  04,Rural,15-19,9197,6344,2853,3527,2046,1481,3141,1843,1298,254,139,115,60,28,32,69,35,34,3,1,2
C3010,04,00,0000,State - CHANDIGARH  04,Rural,20-24,12799,8508,4291,910,581,329,298,202,96,479,291,188,43,31,12,83,53,30,7,4,3
C3010,04,00,0000,State - CHANDIGARH  04,Rural,25-29,12246,7807,4439,146,95,51,0,0,0,93,59,34,19,13,6,24,19,5,10,4,6
C3010,04,00,0000,State - CHANDIGARH  04,Rural,30-34,8842,5714,3128,69,53,16,0,0,0,54,44,10,7,5,2,5,3,2,3,1,2
C3010,04,00,0000,State - CHANDIGARH  04,Rural,35-59,17168,10966,6202,54,43,11,0,0,0,36,35,1,9,5,4,3,3,0,6,0,6
C3010,04,00,0000,State - CHANDIGARH  04,Rural,60+,2977,1709,1268,3,2,1,0,0,0,2,1,1,1,1,0,0,0,0,0,0,0
C3010,04,00,0000,State - CHANDIGARH  04,Rural,Age not stated,75,42,33,1,1,0,0,0,0,1,1,0,0,0,0,0,0,0,0,0,0
C3010,04,00,0000,State - CHANDIGARH  04,Urban,All ages,808515,450122,358393,226684,124718,101966,184887,101939,82948,32527,16889,15638,4096,2687,1409,4977,3120,1857,197,83,114
C3010,04,00,0000,State - CHANDIGARH  04,Urban,0-4,69104,37455,31649,6179,3497,2682,6179,3497,2682,0,0,0,0,0,0,0,0,0,0,0,0
C3010,04,00,0000,State - CHANDIGARH  04,Urban,5,16863,9186,7677,7511,4217,3294,7511,4217,3294,0,0,0,0,0,0,0,0,0,0,0,0
C3010,04,00,0000,State - CHANDIGARH  04,Urban,6,15230,8218,7012,9075,5017,4058,9075,5017,4058,0,0,0,0,0,0,0,0,0,0,0,0
C3010,04,00,0000,State - CHANDIGARH  04,Urban,7,15584,8421,7163,13351,7356,5995,13351,7356,5995,0,0,0,0,0,0,0,0,0,0,0,0
C3010,04,00,0000,State - CHANDIGARH  04,Urban,8,18089,9863,8226,15783,8780,7003,15783,8780,7003,0,0,0,0,0,0,0,0,0,0,0,0
C3010,04,00,0000,State - CHANDIGARH  04,Urban,9,14333,7785,6548,13048,7141,5907,13048,7141,5907,0,0,0,0,0,0,0,0,0,0,0,0
C3010,04,00,0000,State - CHANDIGARH  04,Urban,10,19571,10717,8854,17433,9618,7815,17433,9618,7815,0,0,0,0,0,0,0,0,0,0,0,0
C3010,04,00,0000,State - CHANDIGARH  04,Urban,11,14086,7692,6394,13035,7158,5877,13035,7158,5877,0,0,0,0,0,0,0,0,0,0,0,0
C3010,04,00,0000,State - CHANDIGARH  04,Urban,12,18766,10200,8566,16538,8967,7571,16538,8967,7571,0,0,0,0,0,0,0,0,0,0,0,0
C3010,04,00,0000,State - CHANDIGARH  04,Urban,13,15020,7896,7124,13487,7135,6352,13487,7135,6352,0,0,0,0,0,0,0,0,0,0,0,0
C3010,04,00,0000,State - CHANDIGARH  04,Urban,14,15726,8601,7125,13460,7340,6120,13460,7340,6120,0,0,0,0,0,0,0,0,0,0,0,0
C3010,04,00,0000,State - CHANDIGARH  04,Urban,15-19,84079,48670,35409,55891,30396,25495,43080,23903,19177,9948,4753,5195,1378,905,473,1458,821,637,27,14,13
C3010,04,00,0000,State - CHANDIGARH  04,Urban,20-24,90734,51934,38800,26803,14861,11942,2907,1810,1097,20260,10728,9532,1685,1141,544,1887,1151,736,64,31,33
C3010,04,00,0000,State - CHANDIGARH  04,Urban,25-29,80849,45090,35759,3252,2074,1178,0,0,0,1374,838,536,632,393,239,1197,825,372,49,18,31
C3010,04,00,0000,State - CHANDIGARH  04,Urban,30-34,65944,36411,29533,677,423,254,0,0,0,270,155,115,144,87,57,242,177,65,21,4,17
C3010,04,00,0000,State - CHANDIGARH  04,Urban,35-59,211377,119250,92127,858,551,307,0,0,0,465,282,183,195,131,64,167,125,42,31,13,18
C3010,04,00,0000,State - CHANDIGARH  04,Urban,60+,41935,22035,19900,230,148,82,0,0,0,156,106,50,52,27,25,17,12,5,5,3,2
C3010,04,00,0000,State - CHANDIGARH  04,Urban,Age not stated,1225,698,527,73,39,34,0,0,0,54,27,27,10,3,7,9,9,0,0,0,0
C3010,05,00,0000,State - UTTARANCHAL  05,Total,All ages,8489349,4325924,4163425,2435611,1334868,1100743,2236867,1220733,1016134,174217,98800,75417,13838,10487,3351,5302,3756,1546,5387,1092,4295
C3010,05,00,0000,State - UTTARANCHAL  05,Total,0-4,922085,483708,438377,26613,14506,12107,26613,14506,12107,0,0,0,0,0,0,0,0,0,0,0,0
C3010,05,00,0000,State - UTTARANCHAL  05,Total,5,221979,118230,103749,56982,31130,25852,56982,31130,25852,0,0,0,0,0,0,0,0,0,0,0,0
C3010,05,00,0000,State - UTTARANCHAL  05,Total,6,215968,111011,104957,101518,53428,48090,101518,53428,48090,0,0,0,0,0,0,0,0,0,0,0,0
C3010,05,00,0000,State - UTTARANCHAL  05,Total,7,194956,100563,94393,158659,83659,75000,158659,83659,75000,0,0,0,0,0,0,0,0,0,0,0,0
C3010,05,00,0000,State - UTTARANCHAL  05,Total,8,249951,130325,119626,215725,114864,100861,215725,114864,100861,0,0,0,0,0,0,0,0,0,0,0,0
C3010,05,00,0000,State - UTTARANCHAL  05,Total,9,188507,97320,91187,172037,90173,81864,172037,90173,81864,0,0,0,0,0,0,0,0,0,0,0,0
C3010,05,00,0000,State - UTTARANCHAL  05,Total,10,267500,140300,127200,237138,127133,110005,237138,127133,110005,0,0,0,0,0,0,0,0,0,0,0,0
C3010,05,00,0000,State - UTTARANCHAL  05,Total,11,173807,90500,83307,159892,84784,75108,159892,84784,75108,0,0,0,0,0,0,0,0,0,0,0,0
C3010,05,00,0000,State - UTTARANCHAL  05,Total,12,254137,132934,121203,222411,119723,102688,222411,119723,102688,0,0,0,0,0,0,0,0,0,0,0,0
C3010,05,00,0000,State - UTTARANCHAL  05,Total,13,189796,95664,94132,165223,86436,78787,165223,86436,78787,0,0,0,0,0,0,0,0,0,0,0,0
C3010,05,00,0000,State - UTTARANCHAL  05,Total,14,208290,106866,101424,169378,91619,77759,169378,91619,77759,0,0,0,0,0,0,0,0,0,0,0,0
C3010,05,00,0000,State - UTTARANCHAL  05,Total,15-19,929859,485918,443941,563173,320378,242795,502282,288980,213302,53805,26418,27387,4257,3140,1117,2452,1753,699,377,87,290
C3010,05,00,0000,State - UTTARANCHAL  05,Total,20-24,742540,371700,370840,161630,100825,60805,49009,34298,14711,105010,61170,43840,5462,4232,1230,1334,940,394,815,185,630
C3010,05,00,0000,State - UTTARANCHAL  05,Total,25-29,625834,302807,323027,16064,11439,4625,0,0,0,11486,8549,2937,2756,2148,608,829,578,251,993,164,829
C3010,05,00,0000,State - UTTARANCHAL  05,Total,30-34,547173,267320,279853,3279,1749,1530,0,0,0,1565,1060,505,455,343,112,263,188,75,996,158,838
C3010,05,00,0000,State - UTTARANCHAL  05,Total,35-59,1884841,954216,930625,4799,2351,2448,0,0,0,1856,1280,576,687,470,217,306,222,84,1950,379,1571
C3010,05,00,0000,State - UTTARANCHAL  05,Total,60+,654356,326715,327641,854,511,343,0,0,0,354,235,119,146,92,54,104,66,38,250,118,132
C3010,05,00,0000,State - UTTARANCHAL  05,Total,Age not stated,17770,9827,7943,236,160,76,0,0,0,141,88,53,75,62,13,14,9,5,6,1,5
C3010,05,00,0000,State - UTTARANCHAL  05,Rural,All ages,6310275,3144590,3165685,1775499,974940,800559,1675962,915880,760082,85454,51380,34074,5912,4482,1430,3196,2274,922,4975,924,4051
C3010,05,00,0000,State - UTTARANCHAL  05,Rural,0-4,730431,381305,349126,14047,7638,6409,14047,7638,6409,0,0,0,0,0,0,0,0,0,0,0,0
C3010,05,00,0000,State - UTTARANCHAL  05,Rural,5,173837,92216,81621,39367,21489,17878,39367,21489,17878,0,0,0,0,0,0,0,0,0,0,0,0
C3010,05,00,0000,State - UTTARANCHAL  05,Rural,6,168092,85727,82365,77117,40359,36758,77117,40359,36758,0,0,0,0,0,0,0,0,0,0,0,0
C3010,05,00,0000,State - UTTARANCHAL  05,Rural,7,150560,76909,73651,121265,63481,57784,121265,63481,57784,0,0,0,0,0,0,0,0,0,0,0,0
C3010,05,00,0000,State - UTTARANCHAL  05,Rural,8,192073,99338,92735,165861,87809,78052,165861,87809,78052,0,0,0,0,0,0,0,0,0,0,0,0
C3010,05,00,0000,State - UTTARANCHAL  05,Rural,9,146707,75109,71598,134059,69843,64216,134059,69843,64216,0,0,0,0,0,0,0,0,0,0,0,0
C3010,05,00,0000,State - UTTARANCHAL  05,Rural,10,202852,105180,97672,180559,96165,84394,180559,96165,84394,0,0,0,0,0,0,0,0,0,0,0,0
C3010,05,00,0000,State - UTTARANCHAL  05,Rural,11,131640,67907,63733,121288,64014,57274,121288,64014,57274,0,0,0,0,0,0,0,0,0,0,0,0
C3010,05,00,0000,State - UTTARANCHAL  05,Rural,12,192189,99399,92790,168561,90408,78153,168561,90408,78153,0,0,0,0,0,0,0,0,0,0,0,0
C3010,05,00,0000,State - UTTARANCHAL  05,Rural,13,143510,71843,71667,124638,65501,59137,124638,65501,59137,0,0,0,0,0,0,0,0,0,0,0,0
C3010,05,00,0000,State - UTTARANCHAL  05,Rural,14,156298,79430,76868,126323,68823,57500,126323,68823,57500,0,0,0,0,0,0,0,0,0,0,0,0
C3010,05,00,0000,State - UTTARANCHAL  05,Rural,15-19,686132,350316,335816,398239,231784,166455,367086,214948,152138,27473,14373,13100,1807,1314,493,1538,1082,456,335,67,268
C3010,05,00,0000,State - UTTARANCHAL  05,Rural,20-24,522608,247495,275113,90279,59217,31062,35791,25402,10389,50466,31151,19315,2487,1953,534,776,553,223,759,158,601
C3010,05,00,0000,State - UTTARANCHAL  05,Rural,25-29,443299,206465,236834,8218,5892,2326,0,0,0,5814,4578,1236,1031,841,190,442,332,110,931,141,790
C3010,05,00,0000,State - UTTARANCHAL  05,Rural,30-34,385222,182515,202707,1968,901,1067,0,0,0,708,517,191,167,121,46,167,126,41,926,137,789
C3010,05,00,0000,State - UTTARANCHAL  05,Rural,35-59,1349537,658411,691126,3092,1270,1822,0,0,0,786,626,160,315,194,121,194,134,60,1797,316,1481
C3010,05,00,0000,State - UTTARANCHAL  05,Rural,60+,523057,258549,264508,522,295,227,0,0,0,142,96,46,85,51,34,72,43,29,223,105,118
C3010,05,00,0000,State - UTTARANCHAL  05,Rural,Age not stated,12231,6476,5755,96,51,45,0,0,0,65,39,26,20,8,12,7,4,3,4,0,4
C3010,05,00,0000,State - UTTARANCHAL  05,Urban,All ages,2179074,1181334,997740,660112,359928,300184,560905,304853,256052,88763,47420,41343,7926,6005,1921,2106,1482,624,412,168,244
C3010,05,00,0000,State - UTTARANCHAL  05,Urban,0-4,191654,102403,89251,12566,6868,5698,12566,6868,5698,0,0,0,0,0,0,0,0,0,0,0,0
C3010,05,00,0000,State - UTTARANCHAL  05,Urban,5,48142,26014,22128,17615,9641,7974,17615,9641,7974,0,0,0,0,0,0,0,0,0,0,0,0
C3010,05,00,0000,State - UTTARANCHAL  05,Urban,6,47876,25284,22592,24401,13069,11332,24401,13069,11332,0,0,0,0,0,0,0,0,0,0,0,0
C3010,05,00,0000,State - UTTARANCHAL  05,Urban,7,44396,23654,20742,37394,20178,17216,37394,20178,17216,0,0,0,0,0,0,0,0,0,0,0,0
C3010,05,00,0000,State - UTTARANCHAL  05,Urban,8,57878,30987,26891,49864,27055,22809,49864,27055,22809,0,0,0,0,0,0,0,0,0,0,0,0
C3010,05,00,0000,State - UTTARANCHAL  05,Urban,9,41800,22211,19589,37978,20330,17648,37978,20330,17648,0,0,0,0,0,0,0,0,0,0,0,0
C3010,05,00,0000,State - UTTARANCHAL  05,Urban,10,64648,35120,29528,56579,30968,25611,56579,30968,25611,0,0,0,0,0,0,0,0,0,0,0,0
C3010,05,00,0000,State - UTTARANCHAL  05,Urban,11,42167,22593,19574,38604,20770,17834,38604,20770,17834,0,0,0,0,0,0,0,0,0,0,0,0
C3010,05,00,0000,State - UTTARANCHAL  05,Urban,12,61948,33535,28413,53850,29315,24535,53850,29315,24535,0,0,0,0,0,0,0,0,0,0,0,0
C3010,05,00,0000,State - UTTARANCHAL  05,Urban,13,46286,23821,22465,40585,20935,19650,40585,20935,19650,0,0,0,0,0,0,0,0,0,0,0,0
C3010,05,00,0000,State - UTTARANCHAL  05,Urban,14,51992,27436,24556,43055,22796,20259,43055,22796,20259,0,0,0,0,0,0,0,0,0,0,0,0
C3010,05,00,0000,State - UTTARANCHAL  05,Urban,15-19,243727,135602,108125,164934,88594,76340,135196,74032,61164,26332,12045,14287,2450,1826,624,914,671,243,42,20,22
C3010,05,00,0000,State - UTTARANCHAL  05,Urban,20-24,219932,124205,95727,71351,41608,29743,13218,8896,4322,54544,30019,24525,2975,2279,696,558,387,171,56,27,29
C3010,05,00,0000,State - UTTARANCHAL  05,Urban,25-29,182535,96342,86193,7846,5547,2299,0,0,0,5672,3971,1701,1725,1307,418,387,246,141,62,23,39
C3010,05,00,0000,State - UTTARANCHAL  05,Urban,30-34,161951,84805,77146,1311,848,463,0,0,0,857,543,314,288,222,66,96,62,34,70,21,49
C3010,05,00,0000,State - UTTARANCHAL  05,Urban,35-59,535304,295805,239499,1707,1081,626,0,0,0,1070,654,416,372,276,96,112,88,24,153,63,90
C3010,05,00,0000,State - UTTARANCHAL  05,Urban,60+,131299,68166,63133,332,216,116,0,0,0,212,139,73,61,41,20,32,23,9,27,13,14
C3010,05,00,0000,State - UTTARANCHAL  05,Urban,Age not stated,5539,3351,2188,140,109,31,0,0,0,76,49,27,55,54,1,7,5,2,2,1,1
C3010,06,00,0000,State - HARYANA  06,Total,All ages,21144564,11363953,9780611,5438016,3145336,2292680,5050725,2900217,2150508,320450,199477,120973,41742,30596,11146,22304,13855,8449,2795,1191,1604
C3010,06,00,0000,State - HARYANA  06,Total,0-4,2273739,1251155,1022584,54645,31001,23644,54645,31001,23644,0,0,0,0,0,0,0,0,0,0,0,0
C3010,06,00,0000,State - HARYANA  06,Total,5,541376,300824,240552,92554,53646,38908,92554,53646,38908,0,0,0,0,0,0,0,0,0,0,0,0
C3010,06,00,0000,State - HARYANA  06,Total,6,520422,281676,238746,208204,117136,91068,208204,117136,91068,0,0,0,0,0,0,0,0,0,0,0,0
C3010,06,00,0000,State - HARYANA  06,Total,7,483397,263333,220064,368527,206903,161624,368527,206903,161624,0,0,0,0,0,0,0,0,0,0,0,0
C3010,06,00,0000,State - HARYANA  06,Total,8,601638,326537,275101,499211,278913,220298,499211,278913,220298,0,0,0,0,0,0,0,0,0,0,0,0
C3010,06,00,0000,State - HARYANA  06,Total,9,476132,257266,218866,421759,233309,188450,421759,233309,188450,0,0,0,0,0,0,0,0,0,0,0,0
C3010,06,00,0000,State - HARYANA  06,Total,10,631695,343334,288361,550604,307941,242663,550604,307941,242663,0,0,0,0,0,0,0,0,0,0,0,0
C3010,06,00,0000,State - HARYANA  06,Total,11,451588,244124,207464,404713,224681,180032,404713,224681,180032,0,0,0,0,0,0,0,0,0,0,0,0
C3010,06,00,0000,State - HARYANA  06,Total,12,612847,330224,282623,521128,291830,229298,521128,291830,229298,0,0,0,0,0,0,0,0,0,0,0,0
C3010,06,00,0000,State - HARYANA  06,Total,13,466115,241448,224667,388745,212089,176656,388745,212089,176656,0,0,0,0,0,0,0,0,0,0,0,0
C3010,06,00,0000,State - HARYANA  06,Total,14,521031,277317,243714,403317,229291,174026,403317,229291,174026,0,0,0,0,0,0,0,0,0,0,0,0
C3010,06,00,0000,State - HARYANA  06,Total,15-19,2256559,1271643,984916,1219083,749343,469740,1063931,658145,405786,125503,70919,54584,20076,14818,5258,9308,5315,3993,265,146,119
C3010,06,00,0000,State - HARYANA  06,Total,20-24,1957303,1075114,882189,270435,185035,85400,73387,55332,18055,176467,115203,61264,13093,9926,3167,7018,4360,2658,470,214,256
C3010,06,00,0000,State - HARYANA  06,Total,25-29,1733146,911893,821253,21493,15769,5724,0,0,0,12559,9328,3231,4654,3529,1125,3856,2720,1136,424,192,232
C3010,06,00,0000,State - HARYANA  06,Total,30-34,1511037,771117,739920,4769,3115,1654,0,0,0,2221,1530,691,1186,756,430,984,708,276,378,121,257
C3010,06,00,0000,State - HARYANA  06,Total,35-59,4441951,2375968,2065983,6101,3727,2374,0,0,0,2373,1649,724,1931,1126,805,852,593,259,945,359,586
C3010,06,00,0000,State - HARYANA  06,Total,60+,1584089,795383,788706,2218,1331,887,0,0,0,992,661,331,735,391,344,197,130,67,294,149,145
C3010,06,00,0000,State - HARYANA  06,Total,Age not stated,80499,45597,34902,510,276,234,0,0,0,335,187,148,67,50,17,89,29,60,19,10,9
C3010,06,00,0000,State - HARYANA  06,Rural,All ages,15029260,8052988,6976272,3731895,2200493,1531402,3547310,2066483,1480827,151130,110146,40984,19482,15165,4317,12016,7929,4087,1957,770,1187
C3010,06,00,0000,State - HARYANA  06,Rural,0-4,1695476,930854,764622,22971,13067,9904,22971,13067,9904,0,0,0,0,0,0,0,0,0,0,0,0
C3010,06,00,0000,State - HARYANA  06,Rural,5,399432,221751,177681,49622,29095,20527,49622,29095,20527,0,0,0,0,0,0,0,0,0,0,0,0
C3010,06,00,0000,State - HARYANA  06,Rural,6,387240,209089,178151,142073,80392,61681,142073,80392,61681,0,0,0,0,0,0,0,0,0,0,0,0
C3010,06,00,0000,State - HARYANA  06,Rural,7,352462,191007,161455,260846,146416,114430,260846,146416,114430,0,0,0,0,0,0,0,0,0,0,0,0
C3010,06,00,0000,State - HARYANA  06,Rural,8,441429,238285,203144,361064,201688,159376,361064,201688,159376,0,0,0,0,0,0,0,0,0,0,0,0
C3010,06,00,0000,State - HARYANA  06,Rural,9,354846,190781,164065,311924,172504,139420,311924,172504,139420,0,0,0,0,0,0,0,0,0,0,0,0
C3010,06,00,0000,State - HARYANA  06,Rural,10,458592,247466,211126,396713,221831,174882,396713,221831,174882,0,0,0,0,0,0,0,0,0,0,0,0
C3010,06,00,0000,State - HARYANA  06,Rural,11,332469,178685,153784,295540,164322,131218,295540,164322,131218,0,0,0,0,0,0,0,0,0,0,0,0
C3010,06,00,0000,State - HARYANA  06,Rural,12,446026,239450,206576,374406,211448,162958,374406,211448,162958,0,0,0,0,0,0,0,0,0,0,0,0
C3010,06,00,0000,State - HARYANA  06,Rural,13,337490,174540,162950,275852,152891,122961,275852,152891,122961,0,0,0,0,0,0,0,0,0,0,0,0
C3010,06,00,0000,State - HARYANA  06,Rural,14,380883,201990,178893,286389,166077,120312,286389,166077,120312,0,0,0,0,0,0,0,0,0,0,0,0
C3010,06,00,0000,State - HARYANA  06,Rural,15-19,1596808,903241,693567,795476,518163,277313,718869,466543,252326,60897,40379,20518,10008,7857,2151,5557,3307,2250,145,77,68
C3010,06,00,0000,State - HARYANA  06,Rural,20-24,1359024,746568,612456,141764,109944,31820,51041,40209,10832,81483,62677,18806,5532,4625,907,3437,2324,1113,271,109,162
C3010,06,00,0000,State - HARYANA  06,Rural,25-29,1203142,632007,571135,10507,8341,2166,0,0,0,6426,5233,1193,1836,1489,347,1940,1494,446,305,125,180
C3010,06,00,0000,State - HARYANA  06,Rural,30-34,1044343,529149,515194,2435,1714,721,0,0,0,1047,847,200,580,374,206,510,405,105,298,88,210
C3010,06,00,0000,State - HARYANA  06,Rural,35-59,2990173,1584196,1405977,2869,1730,1139,0,0,0,723,602,121,1024,574,450,417,302,115,705,252,453
C3010,06,00,0000,State - HARYANA  06,Rural,60+,1191815,601450,590365,1195,718,477,0,0,0,388,304,84,467,224,243,119,77,42,221,113,108
C3010,06,00,0000,State - HARYANA  06,Rural,Age not stated,57610,32479,25131,249,152,97,0,0,0,166,104,62,35,22,13,36,20,16,12,6,6
C3010,06,00,0000,State - HARYANA  06,Urban,All ages,6115304,3310965,2804339,1706121,944843,761278,1503415,833734,669681,169320,89331,79989,22260,15431,6829,10288,5926,4362,838,421,417
C3010,06,00,0000,State - HARYANA  06,Urban,0-4,578263,320301,257962,31674,17934,13740,31674,17934,13740,0,0,0,0,0,0,0,0,0,0,0,0
C3010,06,00,0000,State - HARYANA  06,Urban,5,141944,79073,62871,42932,24551,18381,42932,24551,18381,0,0,0,0,0,0,0,0,0,0,0,0
C3010,06,00,0000,State - HARYANA  06,Urban,6,133182,72587,60595,66131,36744,29387,66131,36744,29387,0,0,0,0,0,0,0,0,0,0,0,0
C3010,06,00,0000,State - HARYANA  06,Urban,7,130935,72326,58609,107681,60487,47194,107681,60487,47194,0,0,0,0,0,0,0,0,0,0,0,0
C3010,06,00,0000,State - HARYANA  06,Urban,8,160209,88252,71957,138147,77225,60922,138147,77225,60922,0,0,0,0,0,0,0,0,0,0,0,0
C3010,06,00,0000,State - HARYANA  06,Urban,9,121286,66485,54801,109835,60805,49030,109835,60805,49030,0,0,0,0,0,0,0,0,0,0,0,0
C3010,06,00,0000,State - HARYANA  06,Urban,10,173103,95868,77235,153891,86110,67781,153891,86110,67781,0,0,0,0,0,0,0,0,0,0,0,0
C3010,06,00,0000,State - HARYANA  06,Urban,11,119119,65439,53680,109173,60359,48814,109173,60359,48814,0,0,0,0,0,0,0,0,0,0,0,0
C3010,06,00,0000,State - HARYANA  06,Urban,12,166821,90774,76047,146722,80382,66340,146722,80382,66340,0,0,0,0,0,0,0,0,0,0,0,0
C3010,06,00,0000,State - HARYANA  06,Urban,13,128625,66908,61717,112893,59198,53695,112893,59198,53695,0,0,0,0,0,0,0,0,0,0,0,0
C3010,06,00,0000,State - HARYANA  06,Urban,14,140148,75327,64821,116928,63214,53714,116928,63214,53714,0,0,0,0,0,0,0,0,0,0,0,0
C3010,06,00,0000,State - HARYANA  06,Urban,15-19,659751,368402,291349,423607,231180,192427,345062,191602,153460,64606,30540,34066,10068,6961,3107,3751,2008,1743,120,69,51
C3010,06,00,0000,State - HARYANA  06,Urban,20-24,598279,328546,269733,128671,75091,53580,22346,15123,7223,94984,52526,42458,7561,5301,2260,3581,2036,1545,199,105,94
C3010,06,00,0000,State - HARYANA  06,Urban,25-29,530004,279886,250118,10986,7428,3558,0,0,0,6133,4095,2038,2818,2040,778,1916,1226,690,119,67,52
C3010,06,00,0000,State - HARYANA  06,Urban,30-34,466694,241968,224726,2334,1401,933,0,0,0,1174,683,491,606,382,224,474,303,171,80,33,47
C3010,06,00,0000,State - HARYANA  06,Urban,35-59,1451778,791772,660006,3232,1997,1235,0,0,0,1650,1047,603,907,552,355,435,291,144,240,107,133
C3010,06,00,0000,State - HARYANA  06,Urban,60+,392274,193933,198341,1023,613,410,0,0,0,604,357,247,268,167,101,78,53,25,73,36,37
C3010,06,00,0000,State - HARYANA  06,Urban,Age not stated,22889,13118,9771,261,124,137,0,0,0,169,83,86,32,28,4,53,9,44,7,4,3
C3010,07,00,0000,State - DELHI  07,Total,All ages,13850507,7607234,6243273,3653411,2000076,1653335,3260141,1774685,1485456,319662,176234,143428,43131,29801,13330,28912,18474,10438,1565,882,683
C3010,07,00,0000,State - DELHI  07,Total,0-4,1377861,736982,640879,62887,34566,28321,62887,34566,28321,0,0,0,0,0,0,0,0,0,0,0,0
C3010,07,00,0000,State - DELHI  07,Total,5,338020,183296,154724,108032,59636,48396,108032,59636,48396,0,0,0,0,0,0,0,0,0,0,0,0
C3010,07,00,0000,State - DELHI  07,Total,6,300968,159340,141628,159335,85084,74251,159335,85084,74251,0,0,0,0,0,0,0,0,0,0,0,0
C3010,07,00,0000,State - DELHI  07,Total,7,293448,156241,137207,248571,133589,114982,248571,133589,114982,0,0,0,0,0,0,0,0,0,0,0,0
C3010,07,00,0000,State - DELHI  07,Total,8,360572,192996,167576,318035,171895,146140,318035,171895,146140,0,0,0,0,0,0,0,0,0,0,0,0
C3010,07,00,0000,State - DELHI  07,Total,9,259271,137476,121795,238050,126952,111098,238050,126952,111098,0,0,0,0,0,0,0,0,0,0,0,0
C3010,07,00,0000,State - DELHI  07,Total,10,385468,209847,175621,344415,188624,155791,344415,188624,155791,0,0,0,0,0,0,0,0,0,0,0,0
C3010,07,00,0000,State - DELHI  07,Total,11,254017,136098,117919,233973,125868,108105,233973,125868,108105,0,0,0,0,0,0,0,0,0,0,0,0
C3010,07,00,0000,State - DELHI  07,Total,12,361702,196011,165691,316198,171383,144815,316198,171383,144815,0,0,0,0,0,0,0,0,0,0,0,0
C3010,07,00,0000,State - DELHI  07,Total,13,270902,138996,131906,236288,121708,114580,236288,121708,114580,0,0,0,0,0,0,0,0,0,0,0,0
C3010,07,00,0000,State - DELHI  07,Total,14,290710,155418,135292,236816,126811,110005,236816,126811,110005,0,0,0,0,0,0,0,0,0,0,0,0
C3010,07,00,0000,State - DELHI  07,Total,15-19,1427979,816497,611482,828768,455136,373632,702898,391567,311331,99674,47399,52275,14309,9180,5129,11579,6819,4760,308,171,137
C3010,07,00,0000,State - DELHI  07,Total,20-24,1426860,814606,612254,275149,166350,108799,54643,37002,17641,195404,112465,82939,14641,10173,4468,10020,6443,3577,441,267,174
C3010,07,00,0000,State - DELHI  07,Total,25-29,1358925,744718,614207,32423,23085,9338,0,0,0,16790,11521,5269,10291,7716,2575,5027,3637,1390,315,211,104
C3010,07,00,0000,State - DELHI  07,Total,30-34,1154976,631361,523615,6348,4267,2081,0,0,0,3067,1939,1128,1964,1449,515,1160,809,351,157,70,87
C3010,07,00,0000,State - DELHI  07,Total,35-59,3248002,1818159,1429843,6669,4228,2441,0,0,0,3793,2324,1469,1600,1079,521,999,685,314,277,140,137
C3010,07,00,0000,State - DELHI  07,Total,60+,719650,366466,353184,1136,703,433,0,0,0,716,464,252,258,153,105,99,65,34,63,21,42
C3010,07,00,0000,State - DELHI  07,Total,Age not stated,21176,12726,8450,318,191,127,0,0,0,218,122,96,68,51,17,28,16,12,4,2,2
C3010,07,00,0000,State - DELHI  07,Rural,All ages,944727,522087,422640,252897,142079,110818,236729,131986,104743,12592,7607,4985,1828,1350,478,1701,1108,593,47,28,19
C3010,07,00,0000,State - DELHI  07,Rural,0-4,108382,58456,49926,3346,1834,1512,3346,1834,1512,0,0,0,0,0,0,0,0,0,0,0,0
C3010,07,00,0000,State - DELHI  07,Rural,5,26467,14521,11946,7218,4114,3104,7218,4114,3104,0,0,0,0,0,0,0,0,0,0,0,0
C3010,07,00,0000,State - DELHI  07,Rural,6,23311,12507,10804,11724,6363,5361,11724,6363,5361,0,0,0,0,0,0,0,0,0,0,0,0
C3010,07,00,0000,State - DELHI  07,Rural,7,22570,12029,10541,18990,10196,8794,18990,10196,8794,0,0,0,0,0,0,0,0,0,0,0,0
C3010,07,00,0000,State - DELHI  07,Rural,8,27708,15041,12667,24658,13594,11064,24658,13594,11064,0,0,0,0,0,0,0,0,0,0,0,0
C3010,07,00,0000,State - DELHI  07,Rural,9,20205,10706,9499,18689,9960,8729,18689,9960,8729,0,0,0,0,0,0,0,0,0,0,0,0
C3010,07,00,0000,State - DELHI  07,Rural,10,28971,15898,13073,26381,14611,11770,26381,14611,11770,0,0,0,0,0,0,0,0,0,0,0,0
C3010,07,00,0000,State - DELHI  07,Rural,11,18960,10253,8707,17692,9646,8046,17692,9646,8046,0,0,0,0,0,0,0,0,0,0,0,0
C3010,07,00,0000,State - DELHI  07,Rural,12,26890,14670,12220,23941,13215,10726,23941,13215,10726,0,0,0,0,0,0,0,0,0,0,0,0
C3010,07,00,0000,State - DELHI  07,Rural,13,19346,10057,9289,17027,8996,8031,17027,8996,8031,0,0,0,0,0,0,0,0,0,0,0,0
C3010,07,00,0000,State - DELHI  07,Rural,14,20892,11218,9674,17146,9366,7780,17146,9366,7780,0,0,0,0,0,0,0,0,0,0,0,0
C3010,07,00,0000,State - DELHI  07,Rural,15-19,96102,56303,39799,52079,30635,21444,46485,27538,18947,4092,2146,1946,668,458,210,826,489,337,8,4,4
C3010,07,00,0000,State - DELHI  07,Rural,20-24,93853,53766,40087,12325,8324,4001,3432,2553,879,7632,4842,2790,684,526,158,565,395,170,12,8,4
C3010,07,00,0000,State - DELHI  07,Rural,25-29,91742,49156,42586,1232,920,312,0,0,0,651,476,175,349,279,70,222,159,63,10,6,4
C3010,07,00,0000,State - DELHI  07,Rural,30-34,79518,43438,36080,229,166,63,0,0,0,101,68,33,78,58,20,49,39,10,1,1,0
C3010,07,00,0000,State - DELHI  07,Rural,35-59,195468,111238,84230,189,121,68,0,0,0,99,66,33,40,24,16,37,24,13,13,7,6
C3010,07,00,0000,State - DELHI  07,Rural,60+,42788,21939,20849,21,13,8,0,0,0,9,5,4,7,4,3,2,2,0,3,2,1
C3010,07,00,0000,State - DELHI  07,Rural,Age not stated,1554,891,663,10,5,5,0,0,0,8,4,4,2,1,1,0,0,0,0,0,0
C3010,07,00,0000,State - DELHI  07,Urban,All ages,12905780,7085147,5820633,3400514,1857997,1542517,3023412,1642699,1380713,307070,168627,138443,41303,28451,12852,27211,17366,9845,1518,854,664
C3010,07,00,0000,State - DELHI  07,Urban,0-4,1269479,678526,590953,59541,32732,26809,59541,32732,26809,0,0,0,0,0,0,0,0,0,0,0,0
C3010,07,00,0000,State - DELHI  07,Urban,5,311553,168775,142778,100814,55522,45292,100814,55522,45292,0,0,0,0,0,0,0,0,0,0,0,0
C3010,07,00,0000,State - DELHI  07,Urban,6,277657,146833,130824,147611,78721,68890,147611,78721,68890,0,0,0,0,0,0,0,0,0,0,0,0
C3010,07,00,0000,State - DELHI  07,Urban,7,270878,144212,126666,229581,123393,106188,229581,123393,106188,0,0,0,0,0,0,0,0,0,0,0,0
C3010,07,00,0000,State - DELHI  07,Urban,8,332864,177955,154909,293377,158301,135076,293377,158301,135076,0,0,0,0,0,0,0,0,0,0,0,0
C3010,07,00,0000,State - DELHI  07,Urban,9,239066,126770,112296,219361,116992,102369,219361,116992,102369,0,0,0,0,0,0,0,0,0,0,0,0
C3010,07,00,0000,State - DELHI  07,Urban,10,356497,193949,162548,318034,174013,144021,318034,174013,144021,0,0,0,0,0,0,0,0,0,0,0,0
C3010,07,00,0000,State - DELHI  07,Urban,11,235057,125845,109212,216281,116222,100059,216281,116222,100059,0,0,0,0,0,0,0,0,0,0,0,0
C3010,07,00,0000,State - DELHI  07,Urban,12,334812,181341,153471,292257,158168,134089,292257,158168,134089,0,0,0,0,0,0,0,0,0,0,0,0
C3010,07,00,0000,State - DELHI  07,Urban,13,251556,128939,122617,219261,112712,106549,219261,112712,106549,0,0,0,0,0,0,0,0,0,0,0,0
C3010,07,00,0000,State - DELHI  07,Urban,14,269818,144200,125618,219670,117445,102225,219670,117445,102225,0,0,0,0,0,0,0,0,0,0,0,0
C3010,07,00,0000,State - DELHI  07,Urban,15-19,1331877,760194,571683,776689,424501,352188,656413,364029,292384,95582,45253,50329,13641,8722,4919,10753,6330,4423,300,167,133
C3010,07,00,0000,State - DELHI  07,Urban,20-24,1333007,760840,572167,262824,158026,104798,51211,34449,16762,187772,107623,80149,13957,9647,4310,9455,6048,3407,429,259,170
C3010,07,00,0000,State - DELHI  07,Urban,25-29,1267183,695562,571621,31191,22165,9026,0,0,0,16139,11045,5094,9942,7437,2505,4805,3478,1327,305,205,100
C3010,07,00,0000,State - DELHI  07,Urban,30-34,1075458,587923,487535,6119,4101,2018,0,0,0,2966,1871,1095,1886,1391,495,1111,770,341,156,69,87
C3010,07,00,0000,State - DELHI  07,Urban,35-59,3052534,1706921,1345613,6480,4107,2373,0,0,0,3694,2258,1436,1560,1055,505,962,661,301,264,133,131
C3010,07,00,0000,State - DELHI  07,Urban,60+,676862,344527,332335,1115,690,425,0,0,0,707,459,248,251,149,102,97,63,34,60,19,41
C3010,07,00,0000,State - DELHI  07,Urban,Age not stated,19622,11835,7787,308,186,122,0,0,0,210,118,92,66,50,16,28,16,12,4,2,2
C3010,08,00,0000,State - RAJASTHAN  08,Total,All ages,56507188,29420011,27087177,13357777,8100791,5256986,12339324,7561948,4777376,508839,360834,148005,37947,27626,10321,33671,20999,12672,437996,129384,308612
C3010,08,00,0000,State - RAJASTHAN  08,Total,0-4,7233220,3781055,3452165,198549,109697,88852,198549,109697,88852,0,0,0,0,0,0,0,0,0,0,0,0
C3010,08,00,0000,State - RAJASTHAN  08,Total,5,1697058,904525,792533,371033,214816,156217,371033,214816,156217,0,0,0,0,0,0,0,0,0,0,0,0
C3010,08,00,0000,State - RAJASTHAN  08,Total,6,1720724,894036,826688,706015,401416,304599,706015,401416,304599,0,0,0,0,0,0,0,0,0,0,0,0
C3010,08,00,0000,State - RAJASTHAN  08,Total,7,1445249,758416,686833,1074856,608496,466360,1074856,608496,466360,0,0,0,0,0,0,0,0,0,0,0,0
C3010,08,00,0000,State - RAJASTHAN  08,Total,8,1993163,1048793,944370,1540300,881605,658695,1540300,881605,658695,0,0,0,0,0,0,0,0,0,0,0,0
C3010,08,00,0000,State - RAJASTHAN  08,Total,9,1211876,636737,575139,997488,568552,428936,997488,568552,428936,0,0,0,0,0,0,0,0,0,0,0,0
C3010,08,00,0000,State - RAJASTHAN  08,Total,10,2019681,1075079,944602,1580191,935432,644759,1580191,935432,644759,0,0,0,0,0,0,0,0,0,0,0,0
C3010,08,00,0000,State - RAJASTHAN  08,Total,11,1024477,551360,473117,838900,499390,339510,838900,499390,339510,0,0,0,0,0,0,0,0,0,0,0,0
C3010,08,00,0000,State - RAJASTHAN  08,Total,12,1730909,928339,802570,1263460,785336,478124,1263460,785336,478124,0,0,0,0,0,0,0,0,0,0,0,0
C3010,08,00,0000,State - RAJASTHAN  08,Total,13,1199638,621324,578314,835731,518120,317611,835731,518120,317611,0,0,0,0,0,0,0,0,0,0,0,0
C3010,08,00,0000,State - RAJASTHAN  08,Total,14,1267236,671316,595920,789447,515815,273632,789447,515815,273632,0,0,0,0,0,0,0,0,0,0,0,0
C3010,08,00,0000,State - RAJASTHAN  08,Total,15-19,5490214,2987604,2502610,2184516,1509355,675161,1960734,1379291,581443,161986,102891,59095,11750,8397,3353,16906,9658,7248,33140,9118,24022
C3010,08,00,0000,State - RAJASTHAN  08,Total,20-24,4749366,2470943,2278423,600697,403699,196998,182620,143982,38638,300520,220555,79965,12916,9829,3087,8520,5896,2624,96121,23437,72684
C3010,08,00,0000,State - RAJASTHAN  08,Total,25-29,4197223,2127889,2069334,149457,62825,86632,0,0,0,33091,27253,5838,6994,5498,1496,4053,2851,1202,105319,27223,78096
C3010,08,00,0000,State - RAJASTHAN  08,Total,30-34,3821151,1917187,1903964,108361,35116,73245,0,0,0,5448,4267,1181,1985,1316,669,1510,905,605,99418,28628,70790
C3010,08,00,0000,State - RAJASTHAN  08,Total,35-59,11608147,6069259,5538888,107561,44870,62691,0,0,0,4957,3825,1132,3156,1977,1179,1941,1232,709,97507,37836,59671
C3010,08,00,0000,State - RAJASTHAN  08,Total,60+,3810272,1828925,1981347,6856,4109,2747,0,0,0,1100,836,264,862,419,443,445,293,152,4449,2561,1888
C3010,08,00,0000,State - RAJASTHAN  08,Total,Age not stated,287584,147224,140360,4359,2142,2217,0,0,0,1737,1207,530,284,190,94,296,164,132,2042,581,1461
C3010,08,00,0000,State - RAJASTHAN  08,Rural,All ages,43292813,22426640,20866173,9752720,6047938,3704782,9079853,5721163,3358690,209088,177818,31270,14737,10822,3915,17870,10739,7131,431172,127396,303776
C3010,08,00,0000,State - RAJASTHAN  08,Rural,0-4,5832760,3040843,2791917,111450,62942,48508,111450,62942,48508,0,0,0,0,0,0,0,0,0,0,0,0
C3010,08,00,0000,State - RAJASTHAN  08,Rural,5,1357920,721524,636396,251215,147995,103220,251215,147995,103220,0,0,0,0,0,0,0,0,0,0,0,0
C3010,08,00,0000,State - RAJASTHAN  08,Rural,6,1396709,723910,672799,544667,314055,230612,544667,314055,230612,0,0,0,0,0,0,0,0,0,0,0,0
C3010,08,00,0000,State - RAJASTHAN  08,Rural,7,1142370,598992,543378,831593,476443,355150,831593,476443,355150,0,0,0,0,0,0,0,0,0,0,0,0
C3010,08,00,0000,State - RAJASTHAN  08,Rural,8,1592286,835672,756614,1210401,700448,509953,1210401,700448,509953,0,0,0,0,0,0,0,0,0,0,0,0
C3010,08,00,0000,State - RAJASTHAN  08,Rural,9,958542,503184,455358,776576,448823,327753,776576,448823,327753,0,0,0,0,0,0,0,0,0,0,0,0
C3010,08,00,0000,State - RAJASTHAN  08,Rural,10,1591240,843856,747384,1220237,733721,486516,1220237,733721,486516,0,0,0,0,0,0,0,0,0,0,0,0
C3010,08,00,0000,State - RAJASTHAN  08,Rural,11,779710,420200,359510,623045,379843,243202,623045,379843,243202,0,0,0,0,0,0,0,0,0,0,0,0
C3010,08,00,0000,State - RAJASTHAN  08,Rural,12,1350367,723565,626802,951012,608754,342258,951012,608754,342258,0,0,0,0,0,0,0,0,0,0,0,0
C3010,08,00,0000,State - RAJASTHAN  08,Rural,13,917598,477231,440367,607561,394339,213222,607561,394339,213222,0,0,0,0,0,0,0,0,0,0,0,0
C3010,08,00,0000,State - RAJASTHAN  08,Rural,14,970122,515362,454760,564728,389072,175656,564728,389072,175656,0,0,0,0,0,0,0,0,0,0,0,0
C3010,08,00,0000,State - RAJASTHAN  08,Rural,15-19,4059578,2209368,1850210,1386697,1038108,348589,1274144,968971,305173,66249,51903,14346,3771,2865,906,9862,5396,4466,32671,8973,23698
C3010,08,00,0000,State - RAJASTHAN  08,Rural,20-24,3471786,1778042,1693744,338906,232339,106567,113224,95757,17467,122349,107054,15295,4788,3856,932,3662,2545,1117,94883,23127,71756
C3010,08,00,0000,State - RAJASTHAN  08,Rural,25-29,3109331,1565375,1543956,123942,44625,79317,0,0,0,15702,14558,1144,2572,2040,532,1667,1145,522,104001,26882,77119
C3010,08,00,0000,State - RAJASTHAN  08,Rural,30-34,2852705,1418537,1434168,102467,31704,70763,0,0,0,2426,2217,209,1060,664,396,861,499,362,98120,28324,69796
C3010,08,00,0000,State - RAJASTHAN  08,Rural,35-59,8656673,4485300,4171373,99768,40191,59577,0,0,0,1309,1212,97,1837,1046,791,1279,822,457,95343,37111,58232
C3010,08,00,0000,State - RAJASTHAN  08,Rural,60+,3024562,1450454,1574108,5375,3187,2188,0,0,0,325,279,46,578,267,311,336,228,108,4136,2413,1723
C3010,08,00,0000,State - RAJASTHAN  08,Rural,Age not stated,228554,115225,113329,3080,1349,1731,0,0,0,728,595,133,131,84,47,203,104,99,2018,566,1452
C3010,08,00,0000,State - RAJASTHAN  08,Urban,All ages,13214375,6993371,6221004,3605057,2052853,1552204,3259471,1840785,1418686,299751,183016,116735,23210,16804,6406,15801,10260,5541,6824,1988,4836
C3010,08,00,0000,State - RAJASTHAN  08,Urban,0-4,1400460,740212,660248,87099,46755,40344,87099,46755,40344,0,0,0,0,0,0,0,0,0,0,0,0
C3010,08,00,0000,State - RAJASTHAN  08,Urban,5,339138,183001,156137,119818,66821,52997,119818,66821,52997,0,0,0,0,0,0,0,0,0,0,0,0
C3010,08,00,0000,State - RAJASTHAN  08,Urban,6,324015,170126,153889,161348,87361,73987,161348,87361,73987,0,0,0,0,0,0,0,0,0,0,0,0
C3010,08,00,0000,State - RAJASTHAN  08,Urban,7,302879,159424,143455,243263,132053,111210,243263,132053,111210,0,0,0,0,0,0,0,0,0,0,0,0
C3010,08,00,0000,State - RAJASTHAN  08,Urban,8,400877,213121,187756,329899,181157,148742,329899,181157,148742,0,0,0,0,0,0,0,0,0,0,0,0
C3010,08,00,0000,State - RAJASTHAN  08,Urban,9,253334,133553,119781,220912,119729,101183,220912,119729,101183,0,0,0,0,0,0,0,0,0,0,0,0
C3010,08,00,0000,State - RAJASTHAN  08,Urban,10,428441,231223,197218,359954,201711,158243,359954,201711,158243,0,0,0,0,0,0,0,0,0,0,0,0
C3010,08,00,0000,State - RAJASTHAN  08,Urban,11,244767,131160,113607,215855,119547,96308,215855,119547,96308,0,0,0,0,0,0,0,0,0,0,0,0
C3010,08,00,0000,State - RAJASTHAN  08,Urban,12,380542,204774,175768,312448,176582,135866,312448,176582,135866,0,0,0,0,0,0,0,0,0,0,0,0
C3010,08,00,0000,State - RAJASTHAN  08,Urban,13,282040,144093,137947,228170,123781,104389,228170,123781,104389,0,0,0,0,0,0,0,0,0,0,0,0
C3010,08,00,0000,State - RAJASTHAN  08,Urban,14,297114,155954,141160,224719,126743,97976,224719,126743,97976,0,0,0,0,0,0,0,0,0,0,0,0
C3010,08,00,0000,State - RAJASTHAN  08,Urban,15-19,1430636,778236,652400,797819,471247,326572,686590,410320,276270,95737,50988,44749,7979,5532,2447,7044,4262,2782,469,145,324
C3010,08,00,0000,State - RAJASTHAN  08,Urban,20-24,1277580,692901,584679,261791,171360,90431,69396,48225,21171,178171,113501,64670,8128,5973,2155,4858,3351,1507,1238,310,928
C3010,08,00,0000,State - RAJASTHAN  08,Urban,25-29,1087892,562514,525378,25515,18200,7315,0,0,0,17389,12695,4694,4422,3458,964,2386,1706,680,1318,341,977
C3010,08,00,0000,State - RAJASTHAN  08,Urban,30-34,968446,498650,469796,5894,3412,2482,0,0,0,3022,2050,972,925,652,273,649,406,243,1298,304,994
C3010,08,00,0000,State - RAJASTHAN  08,Urban,35-59,2951474,1583959,1367515,7793,4679,3114,0,0,0,3648,2613,1035,1319,931,388,662,410,252,2164,725,1439
C3010,08,00,0000,State - RAJASTHAN  08,Urban,60+,785710,378471,407239,1481,922,559,0,0,0,775,557,218,284,152,132,109,65,44,313,148,165
C3010,08,00,0000,State - RAJASTHAN  08,Urban,Age not stated,59030,31999,27031,1279,793,486,0,0,0,1009,612,397,153,106,47,93,60,33,24,15,9
C3010,09,00,0000,State - UTTAR PRADESH  09,Total,All ages,166197921,87565369,78632552,37171705,22146626,15025079,34625154,20403702,14221452,2222688,1532998,689690,127197,94497,32700,99092,70741,28351,97574,44688,52886
C3010,09,00,0000,State - UTTAR PRADESH  09,Total,0-4,20721672,10741471,9980201,431425,232513,198912,431425,232513,198912,0,0,0,0,0,0,0,0,0,0,0,0
C3010,09,00,0000,State - UTTAR PRADESH  09,Total,5,5472211,2937216,2534995,842976,475641,367335,842976,475641,367335,0,0,0,0,0,0,0,0,0,0,0,0
C3010,09,00,0000,State - UTTAR PRADESH  09,Total,6,5430745,2830346,2600399,1666405,920665,745740,1666405,920665,745740,0,0,0,0,0,0,0,0,0,0,0,0
C3010,09,00,0000,State - UTTAR PRADESH  09,Total,7,4095286,2144766,1950520,2444755,1351842,1092913,2444755,1351842,1092913,0,0,0,0,0,0,0,0,0,0,0,0
C3010,09,00,0000,State - UTTAR PRADESH  09,Total,8,6506706,3453580,3053126,4295065,2417245,1877820,4295065,2417245,1877820,0,0,0,0,0,0,0,0,0,0,0,0
C3010,09,00,0000,State - UTTAR PRADESH  09,Total,9,3386278,1778582,1607696,2528102,1399306,1128796,2528102,1399306,1128796,0,0,0,0,0,0,0,0,0,0,0,0
C3010,09,00,0000,State - UTTAR PRADESH  09,Total,10,6989425,3805802,3183623,4928822,2865337,2063485,4928822,2865337,2063485,0,0,0,0,0,0,0,0,0,0,0,0
C3010,09,00,0000,State - UTTAR PRADESH  09,Total,11,2663137,1430368,1232769,2046117,1168260,877857,2046117,1168260,877857,0,0,0,0,0,0,0,0,0,0,0,0
C3010,09,00,0000,State - UTTAR PRADESH  09,Total,12,5738274,3120058,2618216,4003330,2367764,1635566,4003330,2367764,1635566,0,0,0,0,0,0,0,0,0,0,0,0
C3010,09,00,0000,State - UTTAR PRADESH  09,Total,13,3047586,1585504,1462082,2127115,1219649,907466,2127115,1219649,907466,0,0,0,0,0,0,0,0,0,0,0,0
C3010,09,00,0000,State - UTTAR PRADESH  09,Total,14,3872012,2044323,1827689,2406828,1438888,967940,2406828,1438888,967940,0,0,0,0,0,0,0,0,0,0,0,0
C3010,09,00,0000,State - UTTAR PRADESH  09,Total,15-19,16044841,8976423,7068418,6957302,4505241,2452061,6138969,3993601,2145368,731378,452570,278808,33184,23879,9305,47106,32039,15067,6665,3152,3513
C3010,09,00,0000,State - UTTAR PRADESH  09,Total,20-24,13311974,6974638,6337336,1962387,1394676,567711,765245,552991,212254,1125558,792910,332648,33359,25977,7382,19928,15439,4489,18297,7359,10938
C3010,09,00,0000,State - UTTAR PRADESH  09,Total,25-29,11792446,5981334,5811112,257110,196134,60976,0,0,0,196796,155436,41360,27172,21687,5485,13927,10894,3033,19215,8117,11098
C3010,09,00,0000,State - UTTAR PRADESH  09,Total,30-34,10814273,5339396,5474877,89427,61485,27942,0,0,0,57773,44153,13620,9021,6504,2517,4971,3453,1518,17662,7375,10287
C3010,09,00,0000,State - UTTAR PRADESH  09,Total,35-59,33924676,17838912,16085764,148090,106546,41544,0,0,0,90407,72168,18239,18634,12886,5748,9503,6494,3009,29546,14998,14548
C3010,09,00,0000,State - UTTAR PRADESH  09,Total,60+,11649468,6174894,5474574,27996,19856,8140,0,0,0,14656,11658,2998,4925,3004,1921,2712,1778,934,5703,3416,2287
C3010,09,00,0000,State - UTTAR PRADESH  09,Total,Age not stated,736911,407756,329155,8453,5578,2875,0,0,0,6120,4103,2017,902,560,342,945,644,301,486,271,215
C3010,09,00,0000,State - UTTAR PRADESH  09,Rural,All ages,131658339,69157470,62500869,28017938,17069571,10948367,26612326,16015226,10597100,1201163,932870,268293,60384,44737,15647,54760,36851,17909,89305,39887,49418
C3010,09,00,0000,State - UTTAR PRADESH  09,Rural,0-4,17211773,8888667,8323106,271364,146840,124524,271364,146840,124524,0,0,0,0,0,0,0,0,0,0,0,0
C3010,09,00,0000,State - UTTAR PRADESH  09,Rural,5,4557919,2444394,2113525,596474,339689,256785,596474,339689,256785,0,0,0,0,0,0,0,0,0,0,0,0
C3010,09,00,0000,State - UTTAR PRADESH  09,Rural,6,4489521,2337381,2152140,1297861,723079,574782,1297861,723079,574782,0,0,0,0,0,0,0,0,0,0,0,0
C3010,09,00,0000,State - UTTAR PRADESH  09,Rural,7,3346064,1750926,1595138,1944947,1083495,861452,1944947,1083495,861452,0,0,0,0,0,0,0,0,0,0,0,0
C3010,09,00,0000,State - UTTAR PRADESH  09,Rural,8,5344951,2835660,2509291,3480782,1973830,1506952,3480782,1973830,1506952,0,0,0,0,0,0,0,0,0,0,0,0
C3010,09,00,0000,State - UTTAR PRADESH  09,Rural,9,2743513,1440525,1302988,2033998,1135025,898973,2033998,1135025,898973,0,0,0,0,0,0,0,0,0,0,0,0
C3010,09,00,0000,State - UTTAR PRADESH  09,Rural,10,5676700,3094016,2582684,3966793,2332921,1633872,3966793,2332921,1633872,0,0,0,0,0,0,0,0,0,0,0,0
C3010,09,00,0000,State - UTTAR PRADESH  09,Rural,11,2066387,1111812,954575,1574333,912731,661602,1574333,912731,661602,0,0,0,0,0,0,0,0,0,0,0,0
C3010,09,00,0000,State - UTTAR PRADESH  09,Rural,12,4559308,2485290,2074018,3137304,1893396,1243908,3137304,1893396,1243908,0,0,0,0,0,0,0,0,0,0,0,0
C3010,09,00,0000,State - UTTAR PRADESH  09,Rural,13,2358494,1234033,1124461,1612500,952404,660096,1612500,952404,660096,0,0,0,0,0,0,0,0,0,0,0,0
C3010,09,00,0000,State - UTTAR PRADESH  09,Rural,14,2962358,1570447,1391911,1788784,1109717,679067,1788784,1109717,679067,0,0,0,0,0,0,0,0,0,0,0,0
C3010,09,00,0000,State - UTTAR PRADESH  09,Rural,15-19,12099227,6816726,5282501,4826863,3329067,1497796,4366176,3007141,1359035,411738,290292,121446,14967,11022,3945,28098,17891,10207,5884,2721,3163
C3010,09,00,0000,State - UTTAR PRADESH  09,Rural,20-24,10086238,5184733,4901505,1161608,892467,269141,541010,404958,136052,581151,463454,117697,13683,10988,2695,8780,6482,2298,16984,6585,10399
C3010,09,00,0000,State - UTTAR PRADESH  09,Rural,25-29,9188763,4620833,4567930,145610,115601,30009,0,0,0,110482,94527,15955,11195,9228,1967,6046,4540,1506,17887,7306,10581
C3010,09,00,0000,State - UTTAR PRADESH  09,Rural,30-34,8473730,4156074,4317656,59228,41314,17914,0,0,0,34716,29125,5591,4984,3492,1492,2952,1947,1005,16576,6750,9826
C3010,09,00,0000,State - UTTAR PRADESH  09,Rural,35-59,26277823,13734372,12543451,96550,71677,24873,0,0,0,52075,46387,5688,11529,7679,3850,6285,4277,2008,26661,13334,13327
C3010,09,00,0000,State - UTTAR PRADESH  09,Rural,60+,9624525,5127585,4496940,17895,12820,5075,0,0,0,7611,6602,1009,3465,2006,1459,1909,1250,659,4910,2962,1948
C3010,09,00,0000,State - UTTAR PRADESH  09,Rural,Age not stated,591045,323996,267049,5044,3498,1546,0,0,0,3390,2483,907,561,322,239,690,464,226,403,229,174
C3010,09,00,0000,State - UTTAR PRADESH  09,Urban,All ages,34539582,18407899,16131683,9153767,5077055,4076712,8012828,4388476,3624352,1021525,600128,421397,66813,49760,17053,44332,33890,10442,8269,4801,3468
C3010,09,00,0000,State - UTTAR PRADESH  09,Urban,0-4,3509899,1852804,1657095,160061,85673,74388,160061,85673,74388,0,0,0,0,0,0,0,0,0,0,0,0
C3010,09,00,0000,State - UTTAR PRADESH  09,Urban,5,914292,492822,421470,246502,135952,110550,246502,135952,110550,0,0,0,0,0,0,0,0,0,0,0,0
C3010,09,00,0000,State - UTTAR PRADESH  09,Urban,6,941224,492965,448259,368544,197586,170958,368544,197586,170958,0,0,0,0,0,0,0,0,0,0,0,0
C3010,09,00,0000,State - UTTAR PRADESH  09,Urban,7,749222,393840,355382,499808,268347,231461,499808,268347,231461,0,0,0,0,0,0,0,0,0,0,0,0
C3010,09,00,0000,State - UTTAR PRADESH  09,Urban,8,1161755,617920,543835,814283,443415,370868,814283,443415,370868,0,0,0,0,0,0,0,0,0,0,0,0
C3010,09,00,0000,State - UTTAR PRADESH  09,Urban,9,642765,338057,304708,494104,264281,229823,494104,264281,229823,0,0,0,0,0,0,0,0,0,0,0,0
C3010,09,00,0000,State - UTTAR PRADESH  09,Urban,10,1312725,711786,600939,962029,532416,429613,962029,532416,429613,0,0,0,0,0,0,0,0,0,0,0,0
C3010,09,00,0000,State - UTTAR PRADESH  09,Urban,11,596750,318556,278194,471784,255529,216255,471784,255529,216255,0,0,0,0,0,0,0,0,0,0,0,0
C3010,09,00,0000,State - UTTAR PRADESH  09,Urban,12,1178966,634768,544198,866026,474368,391658,866026,474368,391658,0,0,0,0,0,0,0,0,0,0,0,0
C3010,09,00,0000,State - UTTAR PRADESH  09,Urban,13,689092,351471,337621,514615,267245,247370,514615,267245,247370,0,0,0,0,0,0,0,0,0,0,0,0
C3010,09,00,0000,State - UTTAR PRADESH  09,Urban,14,909654,473876,435778,618044,329171,288873,618044,329171,288873,0,0,0,0,0,0,0,0,0,0,0,0
C3010,09,00,0000,State - UTTAR PRADESH  09,Urban,15-19,3945614,2159697,1785917,2130439,1176174,954265,1772793,986460,786333,319640,162278,157362,18217,12857,5360,19008,14148,4860,781,431,350
C3010,09,00,0000,State - UTTAR PRADESH  09,Urban,20-24,3225736,1789905,1435831,800779,502209,298570,224235,148033,76202,544407,329456,214951,19676,14989,4687,11148,8957,2191,1313,774,539
C3010,09,00,0000,State - UTTAR PRADESH  09,Urban,25-29,2603683,1360501,1243182,111500,80533,30967,0,0,0,86314,60909,25405,15977,12459,3518,7881,6354,1527,1328,811,517
C3010,09,00,0000,State - UTTAR PRADESH  09,Urban,30-34,2340543,1183322,1157221,30199,20171,10028,0,0,0,23057,15028,8029,4037,3012,1025,2019,1506,513,1086,625,461
C3010,09,00,0000,State - UTTAR PRADESH  09,Urban,35-59,7646853,4104540,3542313,51540,34869,16671,0,0,0,38332,25781,12551,7105,5207,1898,3218,2217,1001,2885,1664,1221
C3010,09,00,0000,State - UTTAR PRADESH  09,Urban,60+,2024943,1047309,977634,10101,7036,3065,0,0,0,7045,5056,1989,1460,998,462,803,528,275,793,454,339
C3010,09,00,0000,State - UTTAR PRADESH  09,Urban,Age not stated,145866,83760,62106,3409,2080,1329,0,0,0,2730,1620,1110,341,238,103,255,180,75,83,42,41
C3010,10,00,0000,State - BIHAR  10,Total,All ages,82998509,43243795,39754714,13728783,8569438,5159345,12603832,7704798,4899034,1003953,782326,221627,45848,33940,11908,48998,35110,13888,26152,13264,12888
C3010,10,00,0000,State - BIHAR  10,Total,0-4,11006072,5623280,5382792,136675,75300,61375,136675,75300,61375,0,0,0,0,0,0,0,0,0,0,0,0
C3010,10,00,0000,State - BIHAR  10,Total,5,2794120,1472925,1321195,252403,145534,106869,252403,145534,106869,0,0,0,0,0,0,0,0,0,0,0,0
C3010,10,00,0000,State - BIHAR  10,Total,6,3005871,1556500,1449371,550690,313914,236776,550690,313914,236776,0,0,0,0,0,0,0,0,0,0,0,0
C3010,10,00,0000,State - BIHAR  10,Total,7,1923438,996424,927014,811564,463801,347763,811564,463801,347763,0,0,0,0,0,0,0,0,0,0,0,0
C3010,10,00,0000,State - BIHAR  10,Total,8,3618492,1911110,1707382,1706769,1002710,704059,1706769,1002710,704059,0,0,0,0,0,0,0,0,0,0,0,0
C3010,10,00,0000,State - BIHAR  10,Total,9,1462381,768304,694077,827316,480589,346727,827316,480589,346727,0,0,0,0,0,0,0,0,0,0,0,0
C3010,10,00,0000,State - BIHAR  10,Total,10,3847307,2083648,1763659,2051733,1247809,803924,2051733,1247809,803924,0,0,0,0,0,0,0,0,0,0,0,0
C3010,10,00,0000,State - BIHAR  10,Total,11,1089485,581455,508030,676623,400617,276006,676623,400617,276006,0,0,0,0,0,0,0,0,0,0,0,0
C3010,10,00,0000,State - BIHAR  10,Total,12,3112657,1696778,1415879,1699313,1048802,650511,1699313,1048802,650511,0,0,0,0,0,0,0,0,0,0,0,0
C3010,10,00,0000,State - BIHAR  10,Total,13,1241128,654351,586777,718061,428166,289895,718061,428166,289895,0,0,0,0,0,0,0,0,0,0,0,0
C3010,10,00,0000,State - BIHAR  10,Total,14,1773200,953969,819231,918566,566283,352283,918566,566283,352283,0,0,0,0,0,0,0,0,0,0,0,0
C3010,10,00,0000,State - BIHAR  10,Total,15-19,7190188,4028643,3161545,2427583,1654981,772602,2035131,1371009,664122,355659,258953,96706,8960,6617,2343,25839,17397,8442,1994,1005,989
C3010,10,00,0000,State - BIHAR  10,Total,20-24,6323193,3180063,3143130,725690,559653,166037,218988,160264,58724,485749,384354,101395,9975,7654,2321,7038,5578,1460,3940,1803,2137
C3010,10,00,0000,State - BIHAR  10,Total,25-29,5908308,2894706,3013602,127418,107664,19754,0,0,0,106125,91684,14441,10816,8852,1964,6480,5270,1210,3997,1858,2139
C3010,10,00,0000,State - BIHAR  10,Total,30-34,5549787,2713871,2835916,36862,28992,7870,0,0,0,25878,21885,3993,4486,3307,1179,2856,2111,745,3642,1689,1953
C3010,10,00,0000,State - BIHAR  10,Total,35-59,17473783,9101858,8371925,48572,35406,13166,0,0,0,24565,20563,4002,8907,5909,2998,5089,3586,1503,10011,5348,4663
C3010,10,00,0000,State - BIHAR  10,Total,60+,5501274,2922005,2579269,11196,8015,3181,0,0,0,4787,4022,765,2521,1502,1019,1473,1021,452,2415,1470,945
C3010,10,00,0000,State - BIHAR  10,Total,Age not stated,177825,103905,73920,1749,1202,547,0,0,0,1190,865,325,183,99,84,223,147,76,153,91,62
C3010,10,00,0000,State - BIHAR  10,Rural,All ages,74316709,38594996,35721713,11393075,7218932,4174143,10669391,6630216,4039175,630098,527615,102483,30093,21468,8625,38866,27176,11690,24627,12457,12170
C3010,10,00,0000,State - BIHAR  10,Rural,0-4,10083847,5146939,4936908,107036,59455,47581,107036,59455,47581,0,0,0,0,0,0,0,0,0,0,0,0
C3010,10,00,0000,State - BIHAR  10,Rural,5,2558184,1347427,1210757,205119,119321,85798,205119,119321,85798,0,0,0,0,0,0,0,0,0,0,0,0
C3010,10,00,0000,State - BIHAR  10,Rural,6,2756458,1426723,1329735,470331,270786,199545,470331,270786,199545,0,0,0,0,0,0,0,0,0,0,0,0
C3010,10,00,0000,State - BIHAR  10,Rural,7,1735976,899493,836483,689342,398542,290800,689342,398542,290800,0,0,0,0,0,0,0,0,0,0,0,0
C3010,10,00,0000,State - BIHAR  10,Rural,8,3303385,1744873,1558512,1492471,885585,606886,1492471,885585,606886,0,0,0,0,0,0,0,0,0,0,0,0
C3010,10,00,0000,State - BIHAR  10,Rural,9,1308462,687298,621164,709161,416679,292482,709161,416679,292482,0,0,0,0,0,0,0,0,0,0,0,0
C3010,10,00,0000,State - BIHAR  10,Rural,10,3497580,1894836,1602744,1799055,1106815,692240,1799055,1106815,692240,0,0,0,0,0,0,0,0,0,0,0,0
C3010,10,00,0000,State - BIHAR  10,Rural,11,952156,508272,443884,565902,340103,225799,565902,340103,225799,0,0,0,0,0,0,0,0,0,0,0,0
C3010,10,00,0000,State - BIHAR  10,Rural,12,2801086,1528246,1272840,1470211,921592,548619,1470211,921592,548619,0,0,0,0,0,0,0,0,0,0,0,0
C3010,10,00,0000,State - BIHAR  10,Rural,13,1081777,571745,510032,594210,362278,231932,594210,362278,231932,0,0,0,0,0,0,0,0,0,0,0,0
C3010,10,00,0000,State - BIHAR  10,Rural,14,1547128,833653,713475,754402,476713,277689,754402,476713,277689,0,0,0,0,0,0,0,0,0,0,0,0
C3010,10,00,0000,State - BIHAR  10,Rural,15-19,6263105,3508252,2754853,1884320,1334018,550302,1627999,1135086,492913,226450,179034,47416,5980,4373,1607,22021,14598,7423,1870,927,943
C3010,10,00,0000,State - BIHAR  10,Rural,20-24,5560017,2753122,2806895,494271,399455,94816,184152,137261,46891,295470,252040,43430,5732,4410,1322,5189,4058,1131,3728,1686,2042
C3010,10,00,0000,State - BIHAR  10,Rural,25-29,5255133,2551836,2703297,81440,70690,10750,0,0,0,68072,61333,6739,5749,4590,1159,3902,3074,828,3717,1693,2024
C3010,10,00,0000,State - BIHAR  10,Rural,30-34,4960310,2411088,2549222,26820,21221,5599,0,0,0,18184,15985,2199,3121,2148,973,2064,1480,584,3451,1608,1843
C3010,10,00,0000,State - BIHAR  10,Rural,35-59,15523464,8046291,7477173,38702,28323,10379,0,0,0,17870,15704,2166,7173,4613,2560,4206,2940,1266,9453,5066,4387
C3010,10,00,0000,State - BIHAR  10,Rural,60+,4965924,2640319,2325605,9100,6520,2580,0,0,0,3352,2963,389,2187,1254,933,1295,906,389,2266,1397,869
C3010,10,00,0000,State - BIHAR  10,Rural,Age not stated,162717,94583,68134,1182,836,346,0,0,0,700,556,144,151,80,71,189,120,69,142,80,62
C3010,10,00,0000,State - BIHAR  10,Urban,All ages,8681800,4648799,4033001,2335708,1350506,985202,1934441,1074582,859859,373855,254711,119144,15755,12472,3283,10132,7934,2198,1525,807,718
C3010,10,00,0000,State - BIHAR  10,Urban,0-4,922225,476341,445884,29639,15845,13794,29639,15845,13794,0,0,0,0,0,0,0,0,0,0,0,0
C3010,10,00,0000,State - BIHAR  10,Urban,5,235936,125498,110438,47284,26213,21071,47284,26213,21071,0,0,0,0,0,0,0,0,0,0,0,0
C3010,10,00,0000,State - BIHAR  10,Urban,6,249413,129777,119636,80359,43128,37231,80359,43128,37231,0,0,0,0,0,0,0,0,0,0,0,0
C3010,10,00,0000,State - BIHAR  10,Urban,7,187462,96931,90531,122222,65259,56963,122222,65259,56963,0,0,0,0,0,0,0,0,0,0,0,0
C3010,10,00,0000,State - BIHAR  10,Urban,8,315107,166237,148870,214298,117125,97173,214298,117125,97173,0,0,0,0,0,0,0,0,0,0,0,0
C3010,10,00,0000,State - BIHAR  10,Urban,9,153919,81006,72913,118155,63910,54245,118155,63910,54245,0,0,0,0,0,0,0,0,0,0,0,0
C3010,10,00,0000,State - BIHAR  10,Urban,10,349727,188812,160915,252678,140994,111684,252678,140994,111684,0,0,0,0,0,0,0,0,0,0,0,0
C3010,10,00,0000,State - BIHAR  10,Urban,11,137329,73183,64146,110721,60514,50207,110721,60514,50207,0,0,0,0,0,0,0,0,0,0,0,0
C3010,10,00,0000,State - BIHAR  10,Urban,12,311571,168532,143039,229102,127210,101892,229102,127210,101892,0,0,0,0,0,0,0,0,0,0,0,0
C3010,10,00,0000,State - BIHAR  10,Urban,13,159351,82606,76745,123851,65888,57963,123851,65888,57963,0,0,0,0,0,0,0,0,0,0,0,0
C3010,10,00,0000,State - BIHAR  10,Urban,14,226072,120316,105756,164164,89570,74594,164164,89570,74594,0,0,0,0,0,0,0,0,0,0,0,0
C3010,10,00,0000,State - BIHAR  10,Urban,15-19,927083,520391,406692,543263,320963,222300,407132,235923,171209,129209,79919,49290,2980,2244,736,3818,2799,1019,124,78,46
C3010,10,00,0000,State - BIHAR  10,Urban,20-24,763176,426941,336235,231419,160198,71221,34836,23003,11833,190279,132314,57965,4243,3244,999,1849,1520,329,212,117,95
C3010,10,00,0000,State - BIHAR  10,Urban,25-29,653175,342870,310305,45978,36974,9004,0,0,0,38053,30351,7702,5067,4262,805,2578,2196,382,280,165,115
C3010,10,00,0000,State - BIHAR  10,Urban,30-34,589477,302783,286694,10042,7771,2271,0,0,0,7694,5900,1794,1365,1159,206,792,631,161,191,81,110
C3010,10,00,0000,State - BIHAR  10,Urban,35-59,1950319,1055567,894752,9870,7083,2787,0,0,0,6695,4859,1836,1734,1296,438,883,646,237,558,282,276
C3010,10,00,0000,State - BIHAR  10,Urban,60+,535350,281686,253664,2096,1495,601,0,0,0,1435,1059,376,334,248,86,178,115,63,149,73,76
C3010,10,00,0000,State - BIHAR  10,Urban,Age not stated,15108,9322,5786,567,366,201,0,0,0,490,309,181,32,19,13,34,27,7,11,11,0
C3010,11,00,0000,State - SIKKIM  11,Total,All ages,540851,288484,252367,156112,80437,75675,149536,76344,73192,4414,2481,1933,873,577,296,1183,965,218,106,70,36
C3010,11,00,0000,State - SIKKIM  11,Total,0-4,52269,26789,25480,3564,1853,1711,3564,1853,1711,0,0,0,0,0,0,0,0,0,0,0,0
C3010,11,00,0000,State - SIKKIM  11,Total,5,13100,6631,6469,5093,2577,2516,5093,2577,2516,0,0,0,0,0,0,0,0,0,0,0,0
C3010,11,00,0000,State - SIKKIM  11,Total,6,12826,6422,6404,7376,3703,3673,7376,3703,3673,0,0,0,0,0,0,0,0,0,0,0,0
C3010,11,00,0000,State - SIKKIM  11,Total,7,12784,6417,6367,9794,4965,4829,9794,4965,4829,0,0,0,0,0,0,0,0,0,0,0,0
C3010,11,00,0000,State - SIKKIM  11,Total,8,14060,7131,6929,11755,5979,5776,11755,5979,5776,0,0,0,0,0,0,0,0,0,0,0,0
C3010,11,00,0000,State - SIKKIM  11,Total,9,12200,6054,6146,10695,5342,5353,10695,5342,5353,0,0,0,0,0,0,0,0,0,0,0,0
C3010,11,00,0000,State - SIKKIM  11,Total,10,15538,8051,7487,13754,7168,6586,13754,7168,6586,0,0,0,0,0,0,0,0,0,0,0,0
C3010,11,00,0000,State - SIKKIM  11,Total,11,12285,6353,5932,10931,5682,5249,10931,5682,5249,0,0,0,0,0,0,0,0,0,0,0,0
C3010,11,00,0000,State - SIKKIM  11,Total,12,16393,8512,7881,14153,7397,6756,14153,7397,6756,0,0,0,0,0,0,0,0,0,0,0,0
C3010,11,00,0000,State - SIKKIM  11,Total,13,13384,6617,6767,11343,5661,5682,11343,5661,5682,0,0,0,0,0,0,0,0,0,0,0,0
C3010,11,00,0000,State - SIKKIM  11,Total,14,14068,6983,7085,11187,5587,5600,11187,5587,5600,0,0,0,0,0,0,0,0,0,0,0,0
C3010,11,00,0000,State - SIKKIM  11,Total,15-19,63444,32639,30805,35714,18107,17607,34164,17194,16970,1007,505,502,215,138,77,318,262,56,10,8,2
C3010,11,00,0000,State - SIKKIM  11,Total,20-24,55171,29567,25604,9332,5314,4018,5727,3236,2491,2980,1674,1306,259,133,126,342,257,85,24,14,10
C3010,11,00,0000,State - SIKKIM  11,Total,25-29,47552,24964,22588,698,509,189,0,0,0,306,207,99,120,69,51,257,225,32,15,8,7
C3010,11,00,0000,State - SIKKIM  11,Total,30-34,39153,21650,17503,220,155,65,0,0,0,62,49,13,48,27,21,92,71,21,18,8,10
C3010,11,00,0000,State - SIKKIM  11,Total,35-59,115646,66271,49375,289,235,54,0,0,0,44,37,7,73,54,19,149,128,21,23,16,7
C3010,11,00,0000,State - SIKKIM  11,Total,60+,29040,16391,12649,198,194,4,0,0,0,7,7,0,155,154,1,20,17,3,16,16,0
C3010,11,00,0000,State - SIKKIM  11,Total,Age not stated,1938,1042,896,16,9,7,0,0,0,8,2,6,3,2,1,5,5,0,0,0,0
C3010,11,00,0000,State - SIKKIM  11,Rural,All ages,480981,255774,225207,138268,71018,67250,133559,68016,65543,3049,1764,1285,747,520,227,816,654,162,97,64,33
C3010,11,00,0000,State - SIKKIM  11,Rural,0-4,48083,24593,23490,2981,1527,1454,2981,1527,1454,0,0,0,0,0,0,0,0,0,0,0,0
C3010,11,00,0000,State - SIKKIM  11,Rural,5,12067,6104,5963,4501,2267,2234,4501,2267,2234,0,0,0,0,0,0,0,0,0,0,0,0
C3010,11,00,0000,State - SIKKIM  11,Rural,6,11867,5930,5937,6656,3319,3337,6656,3319,3337,0,0,0,0,0,0,0,0,0,0,0,0
C3010,11,00,0000,State - SIKKIM  11,Rural,7,11666,5829,5837,8817,4442,4375,8817,4442,4375,0,0,0,0,0,0,0,0,0,0,0,0
C3010,11,00,0000,State - SIKKIM  11,Rural,8,12863,6522,6341,10680,5421,5259,10680,5421,5259,0,0,0,0,0,0,0,0,0,0,0,0
C3010,11,00,0000,State - SIKKIM  11,Rural,9,11113,5505,5608,9719,4851,4868,9719,4851,4868,0,0,0,0,0,0,0,0,0,0,0,0
C3010,11,00,0000,State - SIKKIM  11,Rural,10,14128,7296,6832,12477,6473,6004,12477,6473,6004,0,0,0,0,0,0,0,0,0,0,0,0
C3010,11,00,0000,State - SIKKIM  11,Rural,11,11110,5740,5370,9872,5113,4759,9872,5113,4759,0,0,0,0,0,0,0,0,0,0,0,0
C3010,11,00,0000,State - SIKKIM  11,Rural,12,14773,7711,7062,12828,6724,6104,12828,6724,6104,0,0,0,0,0,0,0,0,0,0,0,0
C3010,11,00,0000,State - SIKKIM  11,Rural,13,12017,5945,6072,10212,5088,5124,10212,5088,5124,0,0,0,0,0,0,0,0,0,0,0,0
C3010,11,00,0000,State - SIKKIM  11,Rural,14,12534,6241,6293,9998,4995,5003,9998,4995,5003,0,0,0,0,0,0,0,0,0,0,0,0
C3010,11,00,0000,State - SIKKIM  11,Rural,15-19,55792,28607,27185,31005,15720,15285,29895,15041,14854,681,348,333,183,129,54,238,196,42,8,6,2
C3010,11,00,0000,State - SIKKIM  11,Rural,20-24,48077,25574,22503,7418,4224,3194,4923,2755,2168,2059,1195,864,205,110,95,209,150,59,22,14,8
C3010,11,00,0000,State - SIKKIM  11,Rural,25-29,41121,21539,19582,480,333,147,0,0,0,216,149,67,100,54,46,151,123,28,13,7,6
C3010,11,00,0000,State - SIKKIM  11,Rural,30-34,33960,18809,15151,175,125,50,0,0,0,45,36,9,40,25,15,74,58,16,16,6,10
C3010,11,00,0000,State - SIKKIM  11,Rural,35-59,101244,57710,43534,245,200,45,0,0,0,37,30,7,62,46,16,124,109,15,22,15,7
C3010,11,00,0000,State - SIKKIM  11,Rural,60+,26699,15117,11582,191,188,3,0,0,0,5,5,0,155,154,1,15,13,2,16,16,0
C3010,11,00,0000,State - SIKKIM  11,Rural,Age not stated,1867,1002,865,13,8,5,0,0,0,6,1,5,2,2,0,5,5,0,0,0,0
C3010,11,00,0000,State - SIKKIM  11,Urban,All ages,59870,32710,27160,17844,9419,8425,15977,8328,7649,1365,717,648,126,57,69,367,311,56,9,6,3
C3010,11,00,0000,State - SIKKIM  11,Urban,0-4,4186,2196,1990,583,326,257,583,326,257,0,0,0,0,0,0,0,0,0,0,0,0
C3010,11,00,0000,State - SIKKIM  11,Urban,5,1033,527,506,592,310,282,592,310,282,0,0,0,0,0,0,0,0,0,0,0,0
C3010,11,00,0000,State - SIKKIM  11,Urban,6,959,492,467,720,384,336,720,384,336,0,0,0,0,0,0,0,0,0,0,0,0
C3010,11,00,0000,State - SIKKIM  11,Urban,7,1118,588,530,977,523,454,977,523,454,0,0,0,0,0,0,0,0,0,0,0,0
C3010,11,00,0000,State - SIKKIM  11,Urban,8,1197,609,588,1075,558,517,1075,558,517,0,0,0,0,0,0,0,0,0,0,0,0
C3010,11,00,0000,State - SIKKIM  11,Urban,9,1087,549,538,976,491,485,976,491,485,0,0,0,0,0,0,0,0,0,0,0,0
C3010,11,00,0000,State - SIKKIM  11,Urban,10,1410,755,655,1277,695,582,1277,695,582,0,0,0,0,0,0,0,0,0,0,0,0
C3010,11,00,0000,State - SIKKIM  11,Urban,11,1175,613,562,1059,569,490,1059,569,490,0,0,0,0,0,0,0,0,0,0,0,0
C3010,11,00,0000,State - SIKKIM  11,Urban,12,1620,801,819,1325,673,652,1325,673,652,0,0,0,0,0,0,0,0,0,0,0,0
C3010,11,00,0000,State - SIKKIM  11,Urban,13,1367,672,695,1131,573,558,1131,573,558,0,0,0,0,0,0,0,0,0,0,0,0
C3010,11,00,0000,State - SIKKIM  11,Urban,14,1534,742,792,1189,592,597,1189,592,597,0,0,0,0,0,0,0,0,0,0,0,0
C3010,11,00,0000,State - SIKKIM  11,Urban,15-19,7652,4032,3620,4709,2387,2322,4269,2153,2116,326,157,169,32,9,23,80,66,14,2,2,0
C3010,11,00,0000,State - SIKKIM  11,Urban,20-24,7094,3993,3101,1914,1090,824,804,481,323,921,479,442,54,23,31,133,107,26,2,0,2
C3010,11,00,0000,State - SIKKIM  11,Urban,25-29,6431,3425,3006,218,176,42,0,0,0,90,58,32,20,15,5,106,102,4,2,1,1
C3010,11,00,0000,State - SIKKIM  11,Urban,30-34,5193,2841,2352,45,30,15,0,0,0,17,13,4,8,2,6,18,13,5,2,2,0
C3010,11,00,0000,State - SIKKIM  11,Urban,35-59,14402,8561,5841,44,35,9,0,0,0,7,7,0,11,8,3,25,19,6,1,1,0
C3010,11,00,0000,State - SIKKIM  11,Urban,60+,2341,1274,1067,7,6,1,0,0,0,2,2,0,0,0,0,5,4,1,0,0,0
C3010,11,00,0000,State - SIKKIM  11,Urban,Age not stated,71,40,31,3,1,2,0,0,0,2,1,1,1,0,1,0,0,0,0,0,0
C3010,12,00,0000,State - ARUNACHAL PRADESH  12,Total,All ages,1097968,579941,518027,255934,142367,113567,245671,135521,110150,8094,5550,2544,808,460,348,882,595,287,479,241,238
C3010,12,00,0000,State - ARUNACHAL PRADESH  12,Total,0-4,137843,69791,68052,4006,2134,1872,4006,2134,1872,0,0,0,0,0,0,0,0,0,0,0,0
C3010,12,00,0000,State - ARUNACHAL PRADESH  12,Total,5,33141,17175,15966,7150,3903,3247,7150,3903,3247,0,0,0,0,0,0,0,0,0,0,0,0
C3010,12,00,0000,State - ARUNACHAL PRADESH  12,Total,6,34887,17867,17020,11995,6548,5447,11995,6548,5447,0,0,0,0,0,0,0,0,0,0,0,0
C3010,12,00,0000,State - ARUNACHAL PRADESH  12,Total,7,30720,15903,14817,16320,8947,7373,16320,8947,7373,0,0,0,0,0,0,0,0,0,0,0,0
C3010,12,00,0000,State - ARUNACHAL PRADESH  12,Total,8,37307,19051,18256,20768,11236,9532,20768,11236,9532,0,0,0,0,0,0,0,0,0,0,0,0
C3010,12,00,0000,State - ARUNACHAL PRADESH  12,Total,9,26121,13247,12874,16941,9056,7885,16941,9056,7885,0,0,0,0,0,0,0,0,0,0,0,0
C3010,12,00,0000,State - ARUNACHAL PRADESH  12,Total,10,38726,20004,18722,24597,13530,11067,24597,13530,11067,0,0,0,0,0,0,0,0,0,0,0,0
C3010,12,00,0000,State - ARUNACHAL PRADESH  12,Total,11,18974,9573,9401,14012,7488,6524,14012,7488,6524,0,0,0,0,0,0,0,0,0,0,0,0
C3010,12,00,0000,State - ARUNACHAL PRADESH  12,Total,12,35764,18284,17480,24459,13294,11165,24459,13294,11165,0,0,0,0,0,0,0,0,0,0,0,0
C3010,12,00,0000,State - ARUNACHAL PRADESH  12,Total,13,22647,11351,11296,16525,8834,7691,16525,8834,7691,0,0,0,0,0,0,0,0,0,0,0,0
C3010,12,00,0000,State - ARUNACHAL PRADESH  12,Total,14,26695,13552,13143,18886,10185,8701,18886,10185,8701,0,0,0,0,0,0,0,0,0,0,0,0
C3010,12,00,0000,State - ARUNACHAL PRADESH  12,Total,15-19,110561,57558,53003,61002,34473,26529,59062,33413,25649,1563,861,702,133,57,76,188,122,66,56,20,36
C3010,12,00,0000,State - ARUNACHAL PRADESH  12,Total,20-24,86033,44512,41521,16252,10426,5826,10950,6953,3997,4728,3210,1518,280,124,156,184,100,84,110,39,71
C3010,12,00,0000,State - ARUNACHAL PRADESH  12,Total,25-29,92902,46972,45930,1615,1193,422,0,0,0,1141,897,244,177,104,73,205,150,55,92,42,50
C3010,12,00,0000,State - ARUNACHAL PRADESH  12,Total,30-34,77342,41772,35570,525,419,106,0,0,0,282,247,35,81,68,13,99,71,28,63,33,30
C3010,12,00,0000,State - ARUNACHAL PRADESH  12,Total,35-59,237279,136203,101076,801,635,166,0,0,0,360,317,43,127,101,26,173,124,49,141,93,48
C3010,12,00,0000,State - ARUNACHAL PRADESH  12,Total,60+,49916,26417,23499,75,62,13,0,0,0,16,14,2,10,6,4,32,28,4,17,14,3
C3010,12,00,0000,State - ARUNACHAL PRADESH  12,Total,Age not stated,1110,709,401,5,4,1,0,0,0,4,4,0,0,0,0,1,0,1,0,0,0
C3010,12,00,0000,State - ARUNACHAL PRADESH  12,Rural,All ages,870087,454680,415407,182748,102796,79952,177507,99146,78361,3875,2793,1082,338,227,111,614,422,192,414,208,206
C3010,12,00,0000,State - ARUNACHAL PRADESH  12,Rural,0-4,113140,57403,55737,2384,1258,1126,2384,1258,1126,0,0,0,0,0,0,0,0,0,0,0,0
C3010,12,00,0000,State - ARUNACHAL PRADESH  12,Rural,5,27011,14043,12968,4615,2563,2052,4615,2563,2052,0,0,0,0,0,0,0,0,0,0,0,0
C3010,12,00,0000,State - ARUNACHAL PRADESH  12,Rural,6,28878,14784,14094,8339,4643,3696,8339,4643,3696,0,0,0,0,0,0,0,0,0,0,0,0
C3010,12,00,0000,State - ARUNACHAL PRADESH  12,Rural,7,24445,12624,11821,11283,6278,5005,11283,6278,5005,0,0,0,0,0,0,0,0,0,0,0,0
C3010,12,00,0000,State - ARUNACHAL PRADESH  12,Rural,8,30701,15679,15022,15264,8385,6879,15264,8385,6879,0,0,0,0,0,0,0,0,0,0,0,0
C3010,12,00,0000,State - ARUNACHAL PRADESH  12,Rural,9,20927,10627,10300,12390,6717,5673,12390,6717,5673,0,0,0,0,0,0,0,0,0,0,0,0
C3010,12,00,0000,State - ARUNACHAL PRADESH  12,Rural,10,31619,16316,15303,18559,10263,8296,18559,10263,8296,0,0,0,0,0,0,0,0,0,0,0,0
C3010,12,00,0000,State - ARUNACHAL PRADESH  12,Rural,11,14594,7395,7199,10102,5468,4634,10102,5468,4634,0,0,0,0,0,0,0,0,0,0,0,0
C3010,12,00,0000,State - ARUNACHAL PRADESH  12,Rural,12,28775,14838,13937,18593,10263,8330,18593,10263,8330,0,0,0,0,0,0,0,0,0,0,0,0
C3010,12,00,0000,State - ARUNACHAL PRADESH  12,Rural,13,17471,8785,8686,12051,6530,5521,12051,6530,5521,0,0,0,0,0,0,0,0,0,0,0,0
C3010,12,00,0000,State - ARUNACHAL PRADESH  12,Rural,14,20865,10671,10194,13949,7627,6322,13949,7627,6322,0,0,0,0,0,0,0,0,0,0,0,0
C3010,12,00,0000,State - ARUNACHAL PRADESH  12,Rural,15-19,84622,43815,40807,42656,24351,18305,41770,23855,17915,645,362,283,56,22,34,139,97,42,46,15,31
C3010,12,00,0000,State - ARUNACHAL PRADESH  12,Rural,20-24,65121,33182,31939,10609,6925,3684,8208,5296,2912,2114,1483,631,81,54,27,116,60,56,90,32,58
C3010,12,00,0000,State - ARUNACHAL PRADESH  12,Rural,25-29,69645,35086,34559,957,721,236,0,0,0,690,552,138,68,44,24,117,89,28,82,36,46
C3010,12,00,0000,State - ARUNACHAL PRADESH  12,Rural,30-34,57326,30276,27050,371,299,72,0,0,0,191,177,14,48,40,8,76,53,23,56,29,27
C3010,12,00,0000,State - ARUNACHAL PRADESH  12,Rural,35-59,188131,104361,83770,562,453,109,0,0,0,226,210,16,77,63,14,134,96,38,125,84,41
C3010,12,00,0000,State - ARUNACHAL PRADESH  12,Rural,60+,45973,24263,21710,60,49,11,0,0,0,6,6,0,8,4,4,31,27,4,15,12,3
C3010,12,00,0000,State - ARUNACHAL PRADESH  12,Rural,Age not stated,843,532,311,4,3,1,0,0,0,3,3,0,0,0,0,1,0,1,0,0,0
C3010,12,00,0000,State - ARUNACHAL PRADESH  12,Urban,All ages,227881,125261,102620,73186,39571,33615,68164,36375,31789,4219,2757,1462,470,233,237,268,173,95,65,33,32
C3010,12,00,0000,State - ARUNACHAL PRADESH  12,Urban,0-4,24703,12388,12315,1622,876,746,1622,876,746,0,0,0,0,0,0,0,0,0,0,0,0
C3010,12,00,0000,State - ARUNACHAL PRADESH  12,Urban,5,6130,3132,2998,2535,1340,1195,2535,1340,1195,0,0,0,0,0,0,0,0,0,0,0,0
C3010,12,00,0000,State - ARUNACHAL PRADESH  12,Urban,6,6009,3083,2926,3656,1905,1751,3656,1905,1751,0,0,0,0,0,0,0,0,0,0,0,0
C3010,12,00,0000,State - ARUNACHAL PRADESH  12,Urban,7,6275,3279,2996,5037,2669,2368,5037,2669,2368,0,0,0,0,0,0,0,0,0,0,0,0
C3010,12,00,0000,State - ARUNACHAL PRADESH  12,Urban,8,6606,3372,3234,5504,2851,2653,5504,2851,2653,0,0,0,0,0,0,0,0,0,0,0,0
C3010,12,00,0000,State - ARUNACHAL PRADESH  12,Urban,9,5194,2620,2574,4551,2339,2212,4551,2339,2212,0,0,0,0,0,0,0,0,0,0,0,0
C3010,12,00,0000,State - ARUNACHAL PRADESH  12,Urban,10,7107,3688,3419,6038,3267,2771,6038,3267,2771,0,0,0,0,0,0,0,0,0,0,0,0
C3010,12,00,0000,State - ARUNACHAL PRADESH  12,Urban,11,4380,2178,2202,3910,2020,1890,3910,2020,1890,0,0,0,0,0,0,0,0,0,0,0,0
C3010,12,00,0000,State - ARUNACHAL PRADESH  12,Urban,12,6989,3446,3543,5866,3031,2835,5866,3031,2835,0,0,0,0,0,0,0,0,0,0,0,0
C3010,12,00,0000,State - ARUNACHAL PRADESH  12,Urban,13,5176,2566,2610,4474,2304,2170,4474,2304,2170,0,0,0,0,0,0,0,0,0,0,0,0
C3010,12,00,0000,State - ARUNACHAL PRADESH  12,Urban,14,5830,2881,2949,4937,2558,2379,4937,2558,2379,0,0,0,0,0,0,0,0,0,0,0,0
C3010,12,00,0000,State - ARUNACHAL PRADESH  12,Urban,15-19,25939,13743,12196,18346,10122,8224,17292,9558,7734,918,499,419,77,35,42,49,25,24,10,5,5
C3010,12,00,0000,State - ARUNACHAL PRADESH  12,Urban,20-24,20912,11330,9582,5643,3501,2142,2742,1657,1085,2614,1727,887,199,70,129,68,40,28,20,7,13
C3010,12,00,0000,State - ARUNACHAL PRADESH  12,Urban,25-29,23257,11886,11371,658,472,186,0,0,0,451,345,106,109,60,49,88,61,27,10,6,4
C3010,12,00,0000,State - ARUNACHAL PRADESH  12,Urban,30-34,20016,11496,8520,154,120,34,0,0,0,91,70,21,33,28,5,23,18,5,7,4,3
C3010,12,00,0000,State - ARUNACHAL PRADESH  12,Urban,35-59,49148,31842,17306,239,182,57,0,0,0,134,107,27,50,38,12,39,28,11,16,9,7
C3010,12,00,0000,State - ARUNACHAL PRADESH  12,Urban,60+,3943,2154,1789,15,13,2,0,0,0,10,8,2,2,2,0,1,1,0,2,2,0
C3010,12,00,0000,State - ARUNACHAL PRADESH  12,Urban,Age not stated,267,177,90,1,1,0,0,0,0,1,1,0,0,0,0,0,0,0,0,0,0
C3010,13,00,0000,State - NAGALAND  13,Total,All ages,1990036,1047141,942895,651404,350165,301239,575900,305791,270109,70372,41202,29170,1834,1070,764,2492,1688,804,806,414,392
C3010,13,00,0000,State - NAGALAND  13,Total,0-4,187660,94857,92803,10821,5618,5203,10821,5618,5203,0,0,0,0,0,0,0,0,0,0,0,0
C3010,13,00,0000,State - NAGALAND  13,Total,5,45854,23765,22089,15196,7973,7223,15196,7973,7223,0,0,0,0,0,0,0,0,0,0,0,0
C3010,13,00,0000,State - NAGALAND  13,Total,6,56164,28902,27262,25408,13252,12156,25408,13252,12156,0,0,0,0,0,0,0,0,0,0,0,0
C3010,13,00,0000,State - NAGALAND  13,Total,7,45168,23287,21881,29869,15563,14306,29869,15563,14306,0,0,0,0,0,0,0,0,0,0,0,0
C3010,13,00,0000,State - NAGALAND  13,Total,8,62952,32748,30204,43784,23028,20756,43784,23028,20756,0,0,0,0,0,0,0,0,0,0,0,0
C3010,13,00,0000,State - NAGALAND  13,Total,9,47392,24878,22514,35377,18747,16630,35377,18747,16630,0,0,0,0,0,0,0,0,0,0,0,0
C3010,13,00,0000,State - NAGALAND  13,Total,10,74025,38774,35251,55118,29328,25790,55118,29328,25790,0,0,0,0,0,0,0,0,0,0,0,0
C3010,13,00,0000,State - NAGALAND  13,Total,11,36483,19155,17328,28943,15329,13614,28943,15329,13614,0,0,0,0,0,0,0,0,0,0,0,0
C3010,13,00,0000,State - NAGALAND  13,Total,12,68636,35700,32936,53004,27913,25091,53004,27913,25091,0,0,0,0,0,0,0,0,0,0,0,0
C3010,13,00,0000,State - NAGALAND  13,Total,13,45124,23521,21603,35214,18497,16717,35214,18497,16717,0,0,0,0,0,0,0,0,0,0,0,0
C3010,13,00,0000,State - NAGALAND  13,Total,14,58951,30571,28380,44798,23683,21115,44798,23683,21115,0,0,0,0,0,0,0,0,0,0,0,0
C3010,13,00,0000,State - NAGALAND  13,Total,15-19,266104,139923,126181,173080,92708,80372,156022,83465,72557,16524,8962,7562,279,154,125,221,110,111,34,17,17
C3010,13,00,0000,State - NAGALAND  13,Total,20-24,209930,110221,99709,81055,45775,35280,42346,23395,18951,37714,21866,15848,480,249,231,417,215,202,98,50,48
C3010,13,00,0000,State - NAGALAND  13,Total,25-29,163442,83129,80313,12442,7825,4617,0,0,0,11344,7166,4178,404,239,165,558,357,201,136,63,73
C3010,13,00,0000,State - NAGALAND  13,Total,30-34,122907,64536,58371,3134,2021,1113,0,0,0,2538,1630,908,196,127,69,308,215,93,92,49,43
C3010,13,00,0000,State - NAGALAND  13,Total,35-59,404177,219838,184339,3528,2479,1049,0,0,0,1924,1361,563,367,246,121,864,682,182,373,190,183
C3010,13,00,0000,State - NAGALAND  13,Total,60+,90323,50736,39587,530,362,168,0,0,0,241,164,77,103,53,50,117,103,14,69,42,27
C3010,13,00,0000,State - NAGALAND  13,Total,Age not stated,4744,2600,2144,103,64,39,0,0,0,87,53,34,5,2,3,7,6,1,4,3,1
C3010,13,00,0000,State - NAGALAND  13,Rural,All ages,1647249,859716,787533,519238,279749,239489,466955,248603,218352,48398,28721,19677,1314,768,546,1840,1278,562,731,379,352
C3010,13,00,0000,State - NAGALAND  13,Rural,0-4,155066,78096,76970,7683,3963,3720,7683,3963,3720,0,0,0,0,0,0,0,0,0,0,0,0
C3010,13,00,0000,State - NAGALAND  13,Rural,5,38406,19936,18470,11421,5989,5432,11421,5989,5432,0,0,0,0,0,0,0,0,0,0,0,0
C3010,13,00,0000,State - NAGALAND  13,Rural,6,47725,24487,23238,19860,10352,9508,19860,10352,9508,0,0,0,0,0,0,0,0,0,0,0,0
C3010,13,00,0000,State - NAGALAND  13,Rural,7,37139,19051,18088,23237,12014,11223,23237,12014,11223,0,0,0,0,0,0,0,0,0,0,0,0
C3010,13,00,0000,State - NAGALAND  13,Rural,8,53510,27865,25645,35729,18829,16900,35729,18829,16900,0,0,0,0,0,0,0,0,0,0,0,0
C3010,13,00,0000,State - NAGALAND  13,Rural,9,39869,20933,18936,28672,15178,13494,28672,15178,13494,0,0,0,0,0,0,0,0,0,0,0,0
C3010,13,00,0000,State - NAGALAND  13,Rural,10,62881,32881,30000,45442,24187,21255,45442,24187,21255,0,0,0,0,0,0,0,0,0,0,0,0
C3010,13,00,0000,State - NAGALAND  13,Rural,11,29739,15651,14088,22830,12134,10696,22830,12134,10696,0,0,0,0,0,0,0,0,0,0,0,0
C3010,13,00,0000,State - NAGALAND  13,Rural,12,57735,30130,27605,43622,23115,20507,43622,23115,20507,0,0,0,0,0,0,0,0,0,0,0,0
C3010,13,00,0000,State - NAGALAND  13,Rural,13,36702,19191,17511,27840,14686,13154,27840,14686,13154,0,0,0,0,0,0,0,0,0,0,0,0
C3010,13,00,0000,State - NAGALAND  13,Rural,14,49138,25583,23555,36242,19318,16924,36242,19318,16924,0,0,0,0,0,0,0,0,0,0,0,0
C3010,13,00,0000,State - NAGALAND  13,Rural,15-19,221953,116545,105408,138927,74835,64092,127712,68662,59050,10826,5974,4852,202,111,91,156,73,83,31,15,16
C3010,13,00,0000,State - NAGALAND  13,Rural,20-24,173437,90914,82523,63141,35764,27377,36665,20176,16489,25805,15201,10604,318,184,134,267,158,109,86,45,41
C3010,13,00,0000,State - NAGALAND  13,Rural,25-29,130546,66055,64491,9090,5703,3387,0,0,0,8298,5230,3068,275,160,115,412,262,150,105,51,54
C3010,13,00,0000,State - NAGALAND  13,Rural,30-34,96447,49555,46892,2386,1547,839,0,0,0,1924,1239,685,149,96,53,229,166,63,84,46,38
C3010,13,00,0000,State - NAGALAND  13,Rural,35-59,331725,175391,156334,2631,1814,817,0,0,0,1334,939,395,271,170,101,673,528,145,353,177,176
C3010,13,00,0000,State - NAGALAND  13,Rural,60+,81294,45300,35994,412,277,135,0,0,0,153,104,49,94,45,49,97,86,11,68,42,26
C3010,13,00,0000,State - NAGALAND  13,Rural,Age not stated,3937,2152,1785,73,44,29,0,0,0,58,34,24,5,2,3,6,5,1,4,3,1
C3010,13,00,0000,State - NAGALAND  13,Urban,All ages,342787,187425,155362,132166,70416,61750,108945,57188,51757,21974,12481,9493,520,302,218,652,410,242,75,35,40
C3010,13,00,0000,State - NAGALAND  13,Urban,0-4,32594,16761,15833,3138,1655,1483,3138,1655,1483,0,0,0,0,0,0,0,0,0,0,0,0
C3010,13,00,0000,State - NAGALAND  13,Urban,5,7448,3829,3619,3775,1984,1791,3775,1984,1791,0,0,0,0,0,0,0,0,0,0,0,0
C3010,13,00,0000,State - NAGALAND  13,Urban,6,8439,4415,4024,5548,2900,2648,5548,2900,2648,0,0,0,0,0,0,0,0,0,0,0,0
C3010,13,00,0000,State - NAGALAND  13,Urban,7,8029,4236,3793,6632,3549,3083,6632,3549,3083,0,0,0,0,0,0,0,0,0,0,0,0
C3010,13,00,0000,State - NAGALAND  13,Urban,8,9442,4883,4559,8055,4199,3856,8055,4199,3856,0,0,0,0,0,0,0,0,0,0,0,0
C3010,13,00,0000,State - NAGALAND  13,Urban,9,7523,3945,3578,6705,3569,3136,6705,3569,3136,0,0,0,0,0,0,0,0,0,0,0,0
C3010,13,00,0000,State - NAGALAND  13,Urban,10,11144,5893,5251,9676,5141,4535,9676,5141,4535,0,0,0,0,0,0,0,0,0,0,0,0
C3010,13,00,0000,State - NAGALAND  13,Urban,11,6744,3504,3240,6113,3195,2918,6113,3195,2918,0,0,0,0,0,0,0,0,0,0,0,0
C3010,13,00,0000,State - NAGALAND  13,Urban,12,10901,5570,5331,9382,4798,4584,9382,4798,4584,0,0,0,0,0,0,0,0,0,0,0,0
C3010,13,00,0000,State - NAGALAND  13,Urban,13,8422,4330,4092,7374,3811,3563,7374,3811,3563,0,0,0,0,0,0,0,0,0,0,0,0
C3010,13,00,0000,State - NAGALAND  13,Urban,14,9813,4988,4825,8556,4365,4191,8556,4365,4191,0,0,0,0,0,0,0,0,0,0,0,0
C3010,13,00,0000,State - NAGALAND  13,Urban,15-19,44151,23378,20773,34153,17873,16280,28310,14803,13507,5698,2988,2710,77,43,34,65,37,28,3,2,1
C3010,13,00,0000,State - NAGALAND  13,Urban,20-24,36493,19307,17186,17914,10011,7903,5681,3219,2462,11909,6665,5244,162,65,97,150,57,93,12,5,7
C3010,13,00,0000,State - NAGALAND  13,Urban,25-29,32896,17074,15822,3352,2122,1230,0,0,0,3046,1936,1110,129,79,50,146,95,51,31,12,19
C3010,13,00,0000,State - NAGALAND  13,Urban,30-34,26460,14981,11479,748,474,274,0,0,0,614,391,223,47,31,16,79,49,30,8,3,5
C3010,13,00,0000,State - NAGALAND  13,Urban,35-59,72452,44447,28005,897,665,232,0,0,0,590,422,168,96,76,20,191,154,37,20,13,7
C3010,13,00,0000,State - NAGALAND  13,Urban,60+,9029,5436,3593,118,85,33,0,0,0,88,60,28,9,8,1,20,17,3,1,0,1
C3010,13,00,0000,State - NAGALAND  13,Urban,Age not stated,807,448,359,30,20,10,0,0,0,29,19,10,0,0,0,1,1,0,0,0,0
C3010,14,00,0000,State - MANIPUR  14,Total,All ages,2166788,1095634,1071154,714762,378264,336498,610969,319109,291860,94678,53297,41381,4367,2819,1548,3940,2594,1346,808,445,363
C3010,14,00,0000,State - MANIPUR  14,Total,0-4,205280,104863,100417,17788,9204,8584,17788,9204,8584,0,0,0,0,0,0,0,0,0,0,0,0
C3010,14,00,0000,State - MANIPUR  14,Total,5,51302,26295,25007,23172,12143,11029,23172,12143,11029,0,0,0,0,0,0,0,0,0,0,0,0
C3010,14,00,0000,State - MANIPUR  14,Total,6,52003,26524,25479,29397,15299,14098,29397,15299,14098,0,0,0,0,0,0,0,0,0,0,0,0
C3010,14,00,0000,State - MANIPUR  14,Total,7,46712,23831,22881,34307,17757,16550,34307,17757,16550,0,0,0,0,0,0,0,0,0,0,0,0
C3010,14,00,0000,State - MANIPUR  14,Total,8,55409,28164,27245,42302,21843,20459,42302,21843,20459,0,0,0,0,0,0,0,0,0,0,0,0
C3010,14,00,0000,State - MANIPUR  14,Total,9,37491,19192,18299,30389,15834,14555,30389,15834,14555,0,0,0,0,0,0,0,0,0,0,0,0
C3010,14,00,0000,State - MANIPUR  14,Total,10,66157,34090,32067,54722,28712,26010,54722,28712,26010,0,0,0,0,0,0,0,0,0,0,0,0
C3010,14,00,0000,State - MANIPUR  14,Total,11,35434,18246,17188,30990,16166,14824,30990,16166,14824,0,0,0,0,0,0,0,0,0,0,0,0
C3010,14,00,0000,State - MANIPUR  14,Total,12,58813,30189,28624,50477,26401,24076,50477,26401,24076,0,0,0,0,0,0,0,0,0,0,0,0
C3010,14,00,0000,State - MANIPUR  14,Total,13,47277,23836,23441,41271,21207,20064,41271,21207,20064,0,0,0,0,0,0,0,0,0,0,0,0
C3010,14,00,0000,State - MANIPUR  14,Total,14,50827,25637,25190,43519,22468,21051,43519,22468,21051,0,0,0,0,0,0,0,0,0,0,0,0
C3010,14,00,0000,State - MANIPUR  14,Total,15-19,237976,118535,119441,175990,91772,84218,160247,83518,76729,14903,7804,7099,504,246,258,309,194,115,27,10,17
C3010,14,00,0000,State - MANIPUR  14,Total,20-24,222484,110393,112091,104585,57323,47262,52388,28557,23831,49901,27315,22586,1703,1147,556,536,274,262,57,30,27
C3010,14,00,0000,State - MANIPUR  14,Total,25-29,193882,95097,98785,21133,12408,8725,0,0,0,18871,10993,7878,1107,722,385,1061,644,417,94,49,45
C3010,14,00,0000,State - MANIPUR  14,Total,30-34,159016,80757,78259,6482,4053,2429,0,0,0,5503,3407,2096,381,248,133,534,361,173,64,37,27
C3010,14,00,0000,State - MANIPUR  14,Total,35-59,496722,254332,242390,7271,4975,2296,0,0,0,5000,3425,1575,567,379,188,1307,961,346,397,210,187
C3010,14,00,0000,State - MANIPUR  14,Total,60+,145470,73233,72237,753,564,189,0,0,0,351,268,83,87,64,23,169,140,29,146,92,54
C3010,14,00,0000,State - MANIPUR  14,Total,Age not stated,4533,2420,2113,214,135,79,0,0,0,149,85,64,18,13,5,24,20,4,23,17,6
C3010,14,00,0000,State - MANIPUR  14,Rural,All ages,1590820,808953,781867,510074,272704,237370,444865,234280,210585,59279,34346,24933,2634,1941,693,2680,1803,877,616,334,282
C3010,14,00,0000,State - MANIPUR  14,Rural,0-4,154900,79260,75640,12519,6561,5958,12519,6561,5958,0,0,0,0,0,0,0,0,0,0,0,0
C3010,14,00,0000,State - MANIPUR  14,Rural,5,38717,19807,18910,16383,8588,7795,16383,8588,7795,0,0,0,0,0,0,0,0,0,0,0,0
C3010,14,00,0000,State - MANIPUR  14,Rural,6,40058,20419,19639,21357,11159,10198,21357,11159,10198,0,0,0,0,0,0,0,0,0,0,0,0
C3010,14,00,0000,State - MANIPUR  14,Rural,7,34910,17832,17078,24330,12642,11688,24330,12642,11688,0,0,0,0,0,0,0,0,0,0,0,0
C3010,14,00,0000,State - MANIPUR  14,Rural,8,42732,21822,20910,31273,16247,15026,31273,16247,15026,0,0,0,0,0,0,0,0,0,0,0,0
C3010,14,00,0000,State - MANIPUR  14,Rural,9,28683,14701,13982,22337,11696,10641,22337,11696,10641,0,0,0,0,0,0,0,0,0,0,0,0
C3010,14,00,0000,State - MANIPUR  14,Rural,10,51166,26348,24818,40997,21565,19432,40997,21565,19432,0,0,0,0,0,0,0,0,0,0,0,0
C3010,14,00,0000,State - MANIPUR  14,Rural,11,26085,13423,12662,22158,11580,10578,22158,11580,10578,0,0,0,0,0,0,0,0,0,0,0,0
C3010,14,00,0000,State - MANIPUR  14,Rural,12,44766,23071,21695,37338,19671,17667,37338,19671,17667,0,0,0,0,0,0,0,0,0,0,0,0
C3010,14,00,0000,State - MANIPUR  14,Rural,13,34453,17467,16986,29281,15178,14103,29281,15178,14103,0,0,0,0,0,0,0,0,0,0,0,0
C3010,14,00,0000,State - MANIPUR  14,Rural,14,37813,19173,18640,31417,16374,15043,31417,16374,15043,0,0,0,0,0,0,0,0,0,0,0,0
C3010,14,00,0000,State - MANIPUR  14,Rural,15-19,177651,88784,88867,125829,66441,59388,116298,61299,54999,9104,4885,4219,230,127,103,176,122,54,21,8,13
C3010,14,00,0000,State - MANIPUR  14,Rural,20-24,162899,81395,81504,71086,39805,31281,39177,21720,17457,30406,16984,13422,1099,902,197,362,176,186,42,23,19
C3010,14,00,0000,State - MANIPUR  14,Rural,25-29,140987,69565,71422,13936,8491,5445,0,0,0,12522,7547,4975,635,470,165,705,437,268,74,37,37
C3010,14,00,0000,State - MANIPUR  14,Rural,30-34,114486,58860,55626,4478,2898,1580,0,0,0,3823,2461,1362,230,152,78,377,257,120,48,28,20
C3010,14,00,0000,State - MANIPUR  14,Rural,35-59,355331,183067,172264,4732,3358,1374,0,0,0,3121,2255,866,375,244,131,914,690,224,322,169,153
C3010,14,00,0000,State - MANIPUR  14,Rural,60+,102047,52272,49775,482,361,121,0,0,0,199,153,46,55,39,16,127,106,21,101,63,38
C3010,14,00,0000,State - MANIPUR  14,Rural,Age not stated,3136,1687,1449,141,89,52,0,0,0,104,61,43,10,7,3,19,15,4,8,6,2
C3010,14,00,0000,State - MANIPUR  14,Urban,All ages,575968,286681,289287,204688,105560,99128,166104,84829,81275,35399,18951,16448,1733,878,855,1260,791,469,192,111,81
C3010,14,00,0000,State - MANIPUR  14,Urban,0-4,50380,25603,24777,5269,2643,2626,5269,2643,2626,0,0,0,0,0,0,0,0,0,0,0,0
C3010,14,00,0000,State - MANIPUR  14,Urban,5,12585,6488,6097,6789,3555,3234,6789,3555,3234,0,0,0,0,0,0,0,0,0,0,0,0
C3010,14,00,0000,State - MANIPUR  14,Urban,6,11945,6105,5840,8040,4140,3900,8040,4140,3900,0,0,0,0,0,0,0,0,0,0,0,0
C3010,14,00,0000,State - MANIPUR  14,Urban,7,11802,5999,5803,9977,5115,4862,9977,5115,4862,0,0,0,0,0,0,0,0,0,0,0,0
C3010,14,00,0000,State - MANIPUR  14,Urban,8,12677,6342,6335,11029,5596,5433,11029,5596,5433,0,0,0,0,0,0,0,0,0,0,0,0
C3010,14,00,0000,State - MANIPUR  14,Urban,9,8808,4491,4317,8052,4138,3914,8052,4138,3914,0,0,0,0,0,0,0,0,0,0,0,0
C3010,14,00,0000,State - MANIPUR  14,Urban,10,14991,7742,7249,13725,7147,6578,13725,7147,6578,0,0,0,0,0,0,0,0,0,0,0,0
C3010,14,00,0000,State - MANIPUR  14,Urban,11,9349,4823,4526,8832,4586,4246,8832,4586,4246,0,0,0,0,0,0,0,0,0,0,0,0
C3010,14,00,0000,State - MANIPUR  14,Urban,12,14047,7118,6929,13139,6730,6409,13139,6730,6409,0,0,0,0,0,0,0,0,0,0,0,0
C3010,14,00,0000,State - MANIPUR  14,Urban,13,12824,6369,6455,11990,6029,5961,11990,6029,5961,0,0,0,0,0,0,0,0,0,0,0,0
C3010,14,00,0000,State - MANIPUR  14,Urban,14,13014,6464,6550,12102,6094,6008,12102,6094,6008,0,0,0,0,0,0,0,0,0,0,0,0
C3010,14,00,0000,State - MANIPUR  14,Urban,15-19,60325,29751,30574,50161,25331,24830,43949,22219,21730,5799,2919,2880,274,119,155,133,72,61,6,2,4
C3010,14,00,0000,State - MANIPUR  14,Urban,20-24,59585,28998,30587,33499,17518,15981,13211,6837,6374,19495,10331,9164,604,245,359,174,98,76,15,7,8
C3010,14,00,0000,State - MANIPUR  14,Urban,25-29,52895,25532,27363,7197,3917,3280,0,0,0,6349,3446,2903,472,252,220,356,207,149,20,12,8
C3010,14,00,0000,State - MANIPUR  14,Urban,30-34,44530,21897,22633,2004,1155,849,0,0,0,1680,946,734,151,96,55,157,104,53,16,9,7
C3010,14,00,0000,State - MANIPUR  14,Urban,35-59,141391,71265,70126,2539,1617,922,0,0,0,1879,1170,709,192,135,57,393,271,122,75,41,34
C3010,14,00,0000,State - MANIPUR  14,Urban,60+,43423,20961,22462,271,203,68,0,0,0,152,115,37,32,25,7,42,34,8,45,29,16
C3010,14,00,0000,State - MANIPUR  14,Urban,Age not stated,1397,733,664,73,46,27,0,0,0,45,24,21,8,6,2,5,5,0,15,11,4
C3010,15,00,0000,State - MIZORAM  15,Total,All ages,888573,459109,429464,241314,125079,116235,228338,117497,110841,10572,6318,4254,816,409,407,1393,764,629,195,91,104
C3010,15,00,0000,State - MIZORAM  15,Total,0-4,100812,51097,49715,2539,1238,1301,2539,1238,1301,0,0,0,0,0,0,0,0,0,0,0,0
C3010,15,00,0000,State - MIZORAM  15,Total,5,21064,10872,10192,5275,2706,2569,5275,2706,2569,0,0,0,0,0,0,0,0,0,0,0,0
C3010,15,00,0000,State - MIZORAM  15,Total,6,21858,11207,10651,10778,5549,5229,10778,5549,5229,0,0,0,0,0,0,0,0,0,0,0,0
C3010,15,00,0000,State - MIZORAM  15,Total,7,20937,10655,10282,16990,8614,8376,16990,8614,8376,0,0,0,0,0,0,0,0,0,0,0,0
C3010,15,00,0000,State - MIZORAM  15,Total,8,21729,10858,10871,18229,9191,9038,18229,9191,9038,0,0,0,0,0,0,0,0,0,0,0,0
C3010,15,00,0000,State - MIZORAM  15,Total,9,18644,9609,9035,16447,8515,7932,16447,8515,7932,0,0,0,0,0,0,0,0,0,0,0,0
C3010,15,00,0000,State - MIZORAM  15,Total,10,25521,13155,12366,22494,11670,10824,22494,11670,10824,0,0,0,0,0,0,0,0,0,0,0,0
C3010,15,00,0000,State - MIZORAM  15,Total,11,17965,9201,8764,16597,8556,8041,16597,8556,8041,0,0,0,0,0,0,0,0,0,0,0,0
C3010,15,00,0000,State - MIZORAM  15,Total,12,23809,12147,11662,20803,10733,10070,20803,10733,10070,0,0,0,0,0,0,0,0,0,0,0,0
C3010,15,00,0000,State - MIZORAM  15,Total,13,20217,10146,10071,17664,8983,8681,17664,8983,8681,0,0,0,0,0,0,0,0,0,0,0,0
C3010,15,00,0000,State - MIZORAM  15,Total,14,21180,10593,10587,17166,8787,8379,17166,8787,8379,0,0,0,0,0,0,0,0,0,0,0,0
C3010,15,00,0000,State - MIZORAM  15,Total,15-19,98632,49922,48710,53065,27147,25918,51267,26263,25004,1389,713,676,137,54,83,262,110,152,10,7,3
C3010,15,00,0000,State - MIZORAM  15,Total,20-24,93686,48172,45514,19585,10826,8759,12089,6692,5397,6615,3769,2846,358,128,230,497,222,275,26,15,11
C3010,15,00,0000,State - MIZORAM  15,Total,25-29,79266,41468,37798,2572,1761,811,0,0,0,1969,1367,602,167,108,59,413,273,140,23,13,10
C3010,15,00,0000,State - MIZORAM  15,Total,30-34,60182,31930,28252,556,421,135,0,0,0,365,289,76,66,50,16,107,73,34,18,9,9
C3010,15,00,0000,State - MIZORAM  15,Total,35-59,193272,102834,90438,480,349,131,0,0,0,220,172,48,76,63,13,103,79,24,81,35,46
C3010,15,00,0000,State - MIZORAM  15,Total,60+,49023,24800,24223,67,28,39,0,0,0,11,7,4,12,6,6,9,5,4,35,10,25
C3010,15,00,0000,State - MIZORAM  15,Total,Age not stated,776,443,333,7,5,2,0,0,0,3,1,2,0,0,0,2,2,0,2,2,0
C3010,15,00,0000,State - MIZORAM  15,Rural,All ages,447567,232726,214841,104615,55506,49109,102273,53933,48340,1829,1284,545,164,103,61,193,115,78,156,71,85
C3010,15,00,0000,State - MIZORAM  15,Rural,0-4,56323,28454,27869,1174,570,604,1174,570,604,0,0,0,0,0,0,0,0,0,0,0,0
C3010,15,00,0000,State - MIZORAM  15,Rural,5,11772,6133,5639,1985,1027,958,1985,1027,958,0,0,0,0,0,0,0,0,0,0,0,0
C3010,15,00,0000,State - MIZORAM  15,Rural,6,12371,6360,6011,4754,2456,2298,4754,2456,2298,0,0,0,0,0,0,0,0,0,0,0,0
C3010,15,00,0000,State - MIZORAM  15,Rural,7,11353,5860,5493,8131,4210,3921,8131,4210,3921,0,0,0,0,0,0,0,0,0,0,0,0
C3010,15,00,0000,State - MIZORAM  15,Rural,8,11988,5991,5997,8879,4509,4370,8879,4509,4370,0,0,0,0,0,0,0,0,0,0,0,0
C3010,15,00,0000,State - MIZORAM  15,Rural,9,9951,5120,4831,8004,4156,3848,8004,4156,3848,0,0,0,0,0,0,0,0,0,0,0,0
C3010,15,00,0000,State - MIZORAM  15,Rural,10,14069,7244,6825,11383,5923,5460,11383,5923,5460,0,0,0,0,0,0,0,0,0,0,0,0
C3010,15,00,0000,State - MIZORAM  15,Rural,11,9042,4689,4353,7901,4158,3743,7901,4158,3743,0,0,0,0,0,0,0,0,0,0,0,0
C3010,15,00,0000,State - MIZORAM  15,Rural,12,13275,6817,6458,10690,5623,5067,10690,5623,5067,0,0,0,0,0,0,0,0,0,0,0,0
C3010,15,00,0000,State - MIZORAM  15,Rural,13,10359,5201,5158,8454,4331,4123,8454,4331,4123,0,0,0,0,0,0,0,0,0,0,0,0
C3010,15,00,0000,State - MIZORAM  15,Rural,14,10849,5528,5321,7926,4185,3741,7926,4185,3741,0,0,0,0,0,0,0,0,0,0,0,0
C3010,15,00,0000,State - MIZORAM  15,Rural,15-19,47014,24207,22807,19486,10616,8870,19196,10445,8751,227,141,86,20,7,13,38,19,19,5,4,1
C3010,15,00,0000,State - MIZORAM  15,Rural,20-24,43022,22185,20837,4849,3028,1821,3796,2340,1456,958,645,313,26,9,17,49,22,27,20,12,8
C3010,15,00,0000,State - MIZORAM  15,Rural,25-29,36956,19576,17380,542,399,143,0,0,0,435,329,106,37,24,13,54,37,17,16,9,7
C3010,15,00,0000,State - MIZORAM  15,Rural,30-34,27557,14630,12927,168,128,40,0,0,0,115,92,23,25,19,6,14,11,3,14,6,8
C3010,15,00,0000,State - MIZORAM  15,Rural,35-59,95579,51176,44403,245,168,77,0,0,0,89,73,16,50,40,10,32,22,10,74,33,41
C3010,15,00,0000,State - MIZORAM  15,Rural,60+,25683,13322,12361,44,19,25,0,0,0,5,4,1,6,4,2,6,4,2,27,7,20
C3010,15,00,0000,State - MIZORAM  15,Rural,Age not stated,404,233,171,0,0,0,0,0,0,0,0,0,0,0,0,0,0,0,0,0,0
C3010,15,00,0000,State - MIZORAM  15,Urban,All ages,441006,226383,214623,136699,69573,67126,126065,63564,62501,8743,5034,3709,652,306,346,1200,649,551,39,20,19
C3010,15,00,0000,State - MIZORAM  15,Urban,0-4,44489,22643,21846,1365,668,697,1365,668,697,0,0,0,0,0,0,0,0,0,0,0,0
C3010,15,00,0000,State - MIZORAM  15,Urban,5,9292,4739,4553,3290,1679,1611,3290,1679,1611,0,0,0,0,0,0,0,0,0,0,0,0
C3010,15,00,0000,State - MIZORAM  15,Urban,6,9487,4847,4640,6024,3093,2931,6024,3093,2931,0,0,0,0,0,0,0,0,0,0,0,0
C3010,15,00,0000,State - MIZORAM  15,Urban,7,9584,4795,4789,8859,4404,4455,8859,4404,4455,0,0,0,0,0,0,0,0,0,0,0,0
C3010,15,00,0000,State - MIZORAM  15,Urban,8,9741,4867,4874,9350,4682,4668,9350,4682,4668,0,0,0,0,0,0,0,0,0,0,0,0
C3010,15,00,0000,State - MIZORAM  15,Urban,9,8693,4489,4204,8443,4359,4084,8443,4359,4084,0,0,0,0,0,0,0,0,0,0,0,0
C3010,15,00,0000,State - MIZORAM  15,Urban,10,11452,5911,5541,11111,5747,5364,11111,5747,5364,0,0,0,0,0,0,0,0,0,0,0,0
C3010,15,00,0000,State - MIZORAM  15,Urban,11,8923,4512,4411,8696,4398,4298,8696,4398,4298,0,0,0,0,0,0,0,0,0,0,0,0
C3010,15,00,0000,State - MIZORAM  15,Urban,12,10534,5330,5204,10113,5110,5003,10113,5110,5003,0,0,0,0,0,0,0,0,0,0,0,0
C3010,15,00,0000,State - MIZORAM  15,Urban,13,9858,4945,4913,9210,4652,4558,9210,4652,4558,0,0,0,0,0,0,0,0,0,0,0,0
C3010,15,00,0000,State - MIZORAM  15,Urban,14,10331,5065,5266,9240,4602,4638,9240,4602,4638,0,0,0,0,0,0,0,0,0,0,0,0
C3010,15,00,0000,State - MIZORAM  15,Urban,15-19,51618,25715,25903,33579,16531,17048,32071,15818,16253,1162,572,590,117,47,70,224,91,133,5,3,2
C3010,15,00,0000,State - MIZORAM  15,Urban,20-24,50664,25987,24677,14736,7798,6938,8293,4352,3941,5657,3124,2533,332,119,213,448,200,248,6,3,3
C3010,15,00,0000,State - MIZORAM  15,Urban,25-29,42310,21892,20418,2030,1362,668,0,0,0,1534,1038,496,130,84,46,359,236,123,7,4,3
C3010,15,00,0000,State - MIZORAM  15,Urban,30-34,32625,17300,15325,388,293,95,0,0,0,250,197,53,41,31,10,93,62,31,4,3,1
C3010,15,00,0000,State - MIZORAM  15,Urban,35-59,97693,51658,46035,235,181,54,0,0,0,131,99,32,26,23,3,71,57,14,7,2,5
C3010,15,00,0000,State - MIZORAM  15,Urban,60+,23340,11478,11862,23,9,14,0,0,0,6,3,3,6,2,4,3,1,2,8,3,5
C3010,15,00,0000,State - MIZORAM  15,Urban,Age not stated,372,210,162,7,5,2,0,0,0,3,1,2,0,0,0,2,2,0,2,2,0
C3010,16,00,0000,State - TRIPURA  16,Total,All ages,3199203,1642225,1556978,805141,431233,373908,771792,411969,359823,22413,14040,8373,1520,964,556,1492,1014,478,7924,3246,4678
C3010,16,00,0000,State - TRIPURA  16,Total,0-4,294460,149741,144719,8239,4199,4040,8239,4199,4040,0,0,0,0,0,0,0,0,0,0,0,0
C3010,16,00,0000,State - TRIPURA  16,Total,5,70155,35435,34720,8141,4141,4000,8141,4141,4000,0,0,0,0,0,0,0,0,0,0,0,0
C3010,16,00,0000,State - TRIPURA  16,Total,6,71831,36826,35005,29209,15322,13887,29209,15322,13887,0,0,0,0,0,0,0,0,0,0,0,0
C3010,16,00,0000,State - TRIPURA  16,Total,7,69047,35354,33693,50216,26256,23960,50216,26256,23960,0,0,0,0,0,0,0,0,0,0,0,0
C3010,16,00,0000,State - TRIPURA  16,Total,8,83741,42944,40797,65637,34444,31193,65637,34444,31193,0,0,0,0,0,0,0,0,0,0,0,0
C3010,16,00,0000,State - TRIPURA  16,Total,9,68150,34465,33685,57780,29803,27977,57780,29803,27977,0,0,0,0,0,0,0,0,0,0,0,0
C3010,16,00,0000,State - TRIPURA  16,Total,10,101951,52552,49399,84068,44313,39755,84068,44313,39755,0,0,0,0,0,0,0,0,0,0,0,0
C3010,16,00,0000,State - TRIPURA  16,Total,11,61453,31511,29942,54281,28209,26072,54281,28209,26072,0,0,0,0,0,0,0,0,0,0,0,0
C3010,16,00,0000,State - TRIPURA  16,Total,12,104497,54185,50312,85048,45403,39645,85048,45403,39645,0,0,0,0,0,0,0,0,0,0,0,0
C3010,16,00,0000,State - TRIPURA  16,Total,13,68579,34392,34187,57052,29361,27691,57052,29361,27691,0,0,0,0,0,0,0,0,0,0,0,0
C3010,16,00,0000,State - TRIPURA  16,Total,14,81688,41393,40295,63442,33071,30371,63442,33071,30371,0,0,0,0,0,0,0,0,0,0,0,0
C3010,16,00,0000,State - TRIPURA  16,Total,15-19,339439,174314,165125,184672,102177,82495,178802,98927,79875,4799,2611,2188,283,183,100,564,388,176,224,68,156
C3010,16,00,0000,State - TRIPURA  16,Total,20-24,274087,135058,139029,46318,28803,17515,29877,18520,11357,15022,9552,5470,444,296,148,362,247,115,613,188,425
C3010,16,00,0000,State - TRIPURA  16,Total,25-29,278984,136617,142367,3756,2232,1524,0,0,0,2107,1519,588,328,216,112,252,165,87,1069,332,737
C3010,16,00,0000,State - TRIPURA  16,Total,30-34,243142,126049,117093,1547,723,824,0,0,0,228,178,50,140,90,50,79,55,24,1100,400,700
C3010,16,00,0000,State - TRIPURA  16,Total,35-59,750645,405938,344707,4661,2171,2490,0,0,0,190,139,51,253,142,111,157,104,53,4061,1786,2275
C3010,16,00,0000,State - TRIPURA  16,Total,60+,232549,112656,119893,1013,570,443,0,0,0,40,23,17,67,34,33,68,50,18,838,463,375
C3010,16,00,0000,State - TRIPURA  16,Total,Age not stated,4805,2795,2010,61,35,26,0,0,0,27,18,9,5,3,2,10,5,5,19,9,10
C3010,16,00,0000,State - TRIPURA  16,Rural,All ages,2653453,1363638,1289815,668260,360212,308048,646699,347506,299193,12049,8250,3799,847,534,313,1148,786,362,7517,3136,4381
C3010,16,00,0000,State - TRIPURA  16,Rural,0-4,257771,130914,126857,6430,3306,3124,6430,3306,3124,0,0,0,0,0,0,0,0,0,0,0,0
C3010,16,00,0000,State - TRIPURA  16,Rural,5,61424,30983,30441,6589,3332,3257,6589,3332,3257,0,0,0,0,0,0,0,0,0,0,0,0
C3010,16,00,0000,State - TRIPURA  16,Rural,6,63982,32763,31219,25481,13351,12130,25481,13351,12130,0,0,0,0,0,0,0,0,0,0,0,0
C3010,16,00,0000,State - TRIPURA  16,Rural,7,60416,30991,29425,42729,22459,20270,42729,22459,20270,0,0,0,0,0,0,0,0,0,0,0,0
C3010,16,00,0000,State - TRIPURA  16,Rural,8,74236,38059,36177,56922,29942,26980,56922,29942,26980,0,0,0,0,0,0,0,0,0,0,0,0
C3010,16,00,0000,State - TRIPURA  16,Rural,9,59339,29955,29384,49555,25565,23990,49555,25565,23990,0,0,0,0,0,0,0,0,0,0,0,0
C3010,16,00,0000,State - TRIPURA  16,Rural,10,89748,46318,43430,72936,38536,34400,72936,38536,34400,0,0,0,0,0,0,0,0,0,0,0,0
C3010,16,00,0000,State - TRIPURA  16,Rural,11,52148,26812,25336,45607,23785,21822,45607,23785,21822,0,0,0,0,0,0,0,0,0,0,0,0
C3010,16,00,0000,State - TRIPURA  16,Rural,12,91386,47581,43805,73514,39454,34060,73514,39454,34060,0,0,0,0,0,0,0,0,0,0,0,0
C3010,16,00,0000,State - TRIPURA  16,Rural,13,57989,29106,28883,47600,24542,23058,47600,24542,23058,0,0,0,0,0,0,0,0,0,0,0,0
C3010,16,00,0000,State - TRIPURA  16,Rural,14,69402,35232,34170,53125,27795,25330,53125,27795,25330,0,0,0,0,0,0,0,0,0,0,0,0
C3010,16,00,0000,State - TRIPURA  16,Rural,15-19,282734,146090,136644,146379,82503,63876,142966,80481,62485,2538,1510,1028,154,95,59,508,354,154,213,63,150
C3010,16,00,0000,State - TRIPURA  16,Rural,20-24,223826,110615,113211,32262,21000,11262,23245,14958,8287,7975,5541,2434,189,132,57,281,191,90,572,178,394
C3010,16,00,0000,State - TRIPURA  16,Rural,25-29,226888,111729,115159,2583,1506,1077,0,0,0,1282,990,292,164,111,53,126,86,40,1011,319,692
C3010,16,00,0000,State - TRIPURA  16,Rural,30-34,194686,101055,93631,1329,595,734,0,0,0,135,114,21,97,63,34,49,32,17,1048,386,662
C3010,16,00,0000,State - TRIPURA  16,Rural,35-59,592969,320088,272881,4266,1986,2280,0,0,0,86,70,16,191,108,83,120,76,44,3869,1732,2137
C3010,16,00,0000,State - TRIPURA  16,Rural,60+,190501,93023,97478,907,529,378,0,0,0,15,13,2,49,24,25,58,43,15,785,449,336
C3010,16,00,0000,State - TRIPURA  16,Rural,Age not stated,4008,2324,1684,46,26,20,0,0,0,18,12,6,3,1,2,6,4,2,19,9,10
C3010,16,00,0000,State - TRIPURA  16,Urban,All ages,545750,278587,267163,136881,71021,65860,125093,64463,60630,10364,5790,4574,673,430,243,344,228,116,407,110,297
C3010,16,00,0000,State - TRIPURA  16,Urban,0-4,36689,18827,17862,1809,893,916,1809,893,916,0,0,0,0,0,0,0,0,0,0,0,0
C3010,16,00,0000,State - TRIPURA  16,Urban,5,8731,4452,4279,1552,809,743,1552,809,743,0,0,0,0,0,0,0,0,0,0,0,0
C3010,16,00,0000,State - TRIPURA  16,Urban,6,7849,4063,3786,3728,1971,1757,3728,1971,1757,0,0,0,0,0,0,0,0,0,0,0,0
C3010,16,00,0000,State - TRIPURA  16,Urban,7,8631,4363,4268,7487,3797,3690,7487,3797,3690,0,0,0,0,0,0,0,0,0,0,0,0
C3010,16,00,0000,State - TRIPURA  16,Urban,8,9505,4885,4620,8715,4502,4213,8715,4502,4213,0,0,0,0,0,0,0,0,0,0,0,0
C3010,16,00,0000,State - TRIPURA  16,Urban,9,8811,4510,4301,8225,4238,3987,8225,4238,3987,0,0,0,0,0,0,0,0,0,0,0,0
C3010,16,00,0000,State - TRIPURA  16,Urban,10,12203,6234,5969,11132,5777,5355,11132,5777,5355,0,0,0,0,0,0,0,0,0,0,0,0
C3010,16,00,0000,State - TRIPURA  16,Urban,11,9305,4699,4606,8674,4424,4250,8674,4424,4250,0,0,0,0,0,0,0,0,0,0,0,0
C3010,16,00,0000,State - TRIPURA  16,Urban,12,13111,6604,6507,11534,5949,5585,11534,5949,5585,0,0,0,0,0,0,0,0,0,0,0,0
C3010,16,00,0000,State - TRIPURA  16,Urban,13,10590,5286,5304,9452,4819,4633,9452,4819,4633,0,0,0,0,0,0,0,0,0,0,0,0
C3010,16,00,0000,State - TRIPURA  16,Urban,14,12286,6161,6125,10317,5276,5041,10317,5276,5041,0,0,0,0,0,0,0,0,0,0,0,0
C3010,16,00,0000,State - TRIPURA  16,Urban,15-19,56705,28224,28481,38293,19674,18619,35836,18446,17390,2261,1101,1160,129,88,41,56,34,22,11,5,6
C3010,16,00,0000,State - TRIPURA  16,Urban,20-24,50261,24443,25818,14056,7803,6253,6632,3562,3070,7047,4011,3036,255,164,91,81,56,25,41,10,31
C3010,16,00,0000,State - TRIPURA  16,Urban,25-29,52096,24888,27208,1173,726,447,0,0,0,825,529,296,164,105,59,126,79,47,58,13,45
C3010,16,00,0000,State - TRIPURA  16,Urban,30-34,48456,24994,23462,218,128,90,0,0,0,93,64,29,43,27,16,30,23,7,52,14,38
C3010,16,00,0000,State - TRIPURA  16,Urban,35-59,157676,85850,71826,395,185,210,0,0,0,104,69,35,62,34,28,37,28,9,192,54,138
C3010,16,00,0000,State - TRIPURA  16,Urban,60+,42048,19633,22415,106,41,65,0,0,0,25,10,15,18,10,8,10,7,3,53,14,39
C3010,16,00,0000,State - TRIPURA  16,Urban,Age not stated,797,471,326,15,9,6,0,0,0,9,6,3,2,2,0,4,1,3,0,0,0
C3010,17,00,0000,State - MEGHALAYA  17,Total,All ages,2318822,1176087,1142735,581475,291979,289496,538200,268110,270090,38947,21352,17595,1322,722,600,2483,1497,986,523,298,225
C3010,17,00,0000,State - MEGHALAYA  17,Total,0-4,324566,164343,160223,15643,7715,7928,15643,7715,7928,0,0,0,0,0,0,0,0,0,0,0,0
C3010,17,00,0000,State - MEGHALAYA  17,Total,5,66999,34122,32877,16821,8415,8406,16821,8415,8406,0,0,0,0,0,0,0,0,0,0,0,0
C3010,17,00,0000,State - MEGHALAYA  17,Total,6,76414,38750,37664,25061,12439,12622,25061,12439,12622,0,0,0,0,0,0,0,0,0,0,0,0
C3010,17,00,0000,State - MEGHALAYA  17,Total,7,60408,30416,29992,30550,15180,15370,30550,15180,15370,0,0,0,0,0,0,0,0,0,0,0,0
C3010,17,00,0000,State - MEGHALAYA  17,Total,8,77562,38952,38610,41528,20503,21025,41528,20503,21025,0,0,0,0,0,0,0,0,0,0,0,0
C3010,17,00,0000,State - MEGHALAYA  17,Total,9,55774,28482,27292,34893,17507,17386,34893,17507,17386,0,0,0,0,0,0,0,0,0,0,0,0
C3010,17,00,0000,State - MEGHALAYA  17,Total,10,84329,43313,41016,53848,27248,26600,53848,27248,26600,0,0,0,0,0,0,0,0,0,0,0,0
C3010,17,00,0000,State - MEGHALAYA  17,Total,11,45276,23246,22030,32848,16533,16315,32848,16533,16315,0,0,0,0,0,0,0,0,0,0,0,0
C3010,17,00,0000,State - MEGHALAYA  17,Total,12,77684,39316,38368,52699,26192,26507,52699,26192,26507,0,0,0,0,0,0,0,0,0,0,0,0
C3010,17,00,0000,State - MEGHALAYA  17,Total,13,51753,25908,25845,36394,17650,18744,36394,17650,18744,0,0,0,0,0,0,0,0,0,0,0,0
C3010,17,00,0000,State - MEGHALAYA  17,Total,14,60112,29849,30263,40170,19321,20849,40170,19321,20849,0,0,0,0,0,0,0,0,0,0,0,0
C3010,17,00,0000,State - MEGHALAYA  17,Total,15-19,249780,126857,122923,134712,67064,67648,125521,62335,63186,8695,4469,4226,214,127,87,236,110,126,46,23,23
C3010,17,00,0000,State - MEGHALAYA  17,Total,20-24,195187,94446,100741,54588,29225,25363,32224,17072,15152,21460,11699,9761,323,161,162,494,249,245,87,44,43
C3010,17,00,0000,State - MEGHALAYA  17,Total,25-29,184137,87233,96904,7237,4181,3056,0,0,0,5923,3461,2462,340,169,171,886,510,376,88,41,47
C3010,17,00,0000,State - MEGHALAYA  17,Total,30-34,147732,74672,73060,2049,1228,821,0,0,0,1508,877,631,140,86,54,322,221,101,79,44,35
C3010,17,00,0000,State - MEGHALAYA  17,Total,35-59,452223,240365,211858,2160,1403,757,0,0,0,1234,763,471,243,150,93,492,367,125,191,123,68
C3010,17,00,0000,State - MEGHALAYA  17,Total,60+,105726,54016,51710,237,158,79,0,0,0,106,70,36,51,29,22,50,37,13,30,22,8
C3010,17,00,0000,State - MEGHALAYA  17,Total,Age not stated,3160,1801,1359,37,17,20,0,0,0,21,13,8,11,0,11,3,3,0,2,1,1
C3010,17,00,0000,State - MEGHALAYA  17,Rural,All ages,1864711,946999,917712,407878,205012,202866,390420,194752,195668,15113,8738,6375,701,427,274,1193,819,374,451,276,175
C3010,17,00,0000,State - MEGHALAYA  17,Rural,0-4,278681,140957,137724,10239,5008,5231,10239,5008,5231,0,0,0,0,0,0,0,0,0,0,0,0
C3010,17,00,0000,State - MEGHALAYA  17,Rural,5,56558,28824,27734,10871,5433,5438,10871,5433,5438,0,0,0,0,0,0,0,0,0,0,0,0
C3010,17,00,0000,State - MEGHALAYA  17,Rural,6,65324,33200,32124,17522,8689,8833,17522,8689,8833,0,0,0,0,0,0,0,0,0,0,0,0
C3010,17,00,0000,State - MEGHALAYA  17,Rural,7,49864,25188,24676,21528,10747,10781,21528,10747,10781,0,0,0,0,0,0,0,0,0,0,0,0
C3010,17,00,0000,State - MEGHALAYA  17,Rural,8,65830,33008,32822,31213,15335,15878,31213,15335,15878,0,0,0,0,0,0,0,0,0,0,0,0
C3010,17,00,0000,State - MEGHALAYA  17,Rural,9,45905,23555,22350,25900,13003,12897,25900,13003,12897,0,0,0,0,0,0,0,0,0,0,0,0
C3010,17,00,0000,State - MEGHALAYA  17,Rural,10,70922,36412,34510,41603,20948,20655,41603,20948,20655,0,0,0,0,0,0,0,0,0,0,0,0
C3010,17,00,0000,State - MEGHALAYA  17,Rural,11,35490,18156,17334,23719,11790,11929,23719,11790,11929,0,0,0,0,0,0,0,0,0,0,0,0
C3010,17,00,0000,State - MEGHALAYA  17,Rural,12,64428,32647,31781,40666,20102,20564,40666,20102,20564,0,0,0,0,0,0,0,0,0,0,0,0
C3010,17,00,0000,State - MEGHALAYA  17,Rural,13,40811,20624,20187,26408,12813,13595,26408,12813,13595,0,0,0,0,0,0,0,0,0,0,0,0
C3010,17,00,0000,State - MEGHALAYA  17,Rural,14,47781,23977,23804,29355,14155,15200,29355,14155,15200,0,0,0,0,0,0,0,0,0,0,0,0
C3010,17,00,0000,State - MEGHALAYA  17,Rural,15-19,192206,98865,93341,90176,45313,44863,87300,43802,43498,2651,1401,1250,95,51,44,95,39,56,35,20,15
C3010,17,00,0000,State - MEGHALAYA  17,Rural,20-24,148138,71292,76846,32366,17638,14728,24096,12927,11169,7856,4449,3407,147,96,51,202,127,75,65,39,26
C3010,17,00,0000,State - MEGHALAYA  17,Rural,25-29,143692,67755,75937,3591,2210,1381,0,0,0,3022,1849,1173,150,82,68,347,240,107,72,39,33
C3010,17,00,0000,State - MEGHALAYA  17,Rural,30-34,114984,58150,56834,1226,804,422,0,0,0,887,571,316,80,53,27,184,136,48,75,44,31
C3010,17,00,0000,State - MEGHALAYA  17,Rural,35-59,355659,188216,167443,1324,905,419,0,0,0,636,426,210,187,120,67,326,246,80,175,113,62
C3010,17,00,0000,State - MEGHALAYA  17,Rural,60+,85718,44633,41085,148,105,43,0,0,0,43,31,12,41,25,16,37,29,8,27,20,7
C3010,17,00,0000,State - MEGHALAYA  17,Rural,Age not stated,2720,1540,1180,23,14,9,0,0,0,18,11,7,1,0,1,2,2,0,2,1,1
C3010,17,00,0000,State - MEGHALAYA  17,Urban,All ages,454111,229088,225023,173597,86967,86630,147780,73358,74422,23834,12614,11220,621,295,326,1290,678,612,72,22,50
C3010,17,00,0000,State - MEGHALAYA  17,Urban,0-4,45885,23386,22499,5404,2707,2697,5404,2707,2697,0,0,0,0,0,0,0,0,0,0,0,0
C3010,17,00,0000,State - MEGHALAYA  17,Urban,5,10441,5298,5143,5950,2982,2968,5950,2982,2968,0,0,0,0,0,0,0,0,0,0,0,0
C3010,17,00,0000,State - MEGHALAYA  17,Urban,6,11090,5550,5540,7539,3750,3789,7539,3750,3789,0,0,0,0,0,0,0,0,0,0,0,0
C3010,17,00,0000,State - MEGHALAYA  17,Urban,7,10544,5228,5316,9022,4433,4589,9022,4433,4589,0,0,0,0,0,0,0,0,0,0,0,0
C3010,17,00,0000,State - MEGHALAYA  17,Urban,8,11732,5944,5788,10315,5168,5147,10315,5168,5147,0,0,0,0,0,0,0,0,0,0,0,0
C3010,17,00,0000,State - MEGHALAYA  17,Urban,9,9869,4927,4942,8993,4504,4489,8993,4504,4489,0,0,0,0,0,0,0,0,0,0,0,0
C3010,17,00,0000,State - MEGHALAYA  17,Urban,10,13407,6901,6506,12245,6300,5945,12245,6300,5945,0,0,0,0,0,0,0,0,0,0,0,0
C3010,17,00,0000,State - MEGHALAYA  17,Urban,11,9786,5090,4696,9129,4743,4386,9129,4743,4386,0,0,0,0,0,0,0,0,0,0,0,0
C3010,17,00,0000,State - MEGHALAYA  17,Urban,12,13256,6669,6587,12033,6090,5943,12033,6090,5943,0,0,0,0,0,0,0,0,0,0,0,0
C3010,17,00,0000,State - MEGHALAYA  17,Urban,13,10942,5284,5658,9986,4837,5149,9986,4837,5149,0,0,0,0,0,0,0,0,0,0,0,0
C3010,17,00,0000,State - MEGHALAYA  17,Urban,14,12331,5872,6459,10815,5166,5649,10815,5166,5649,0,0,0,0,0,0,0,0,0,0,0,0
C3010,17,00,0000,State - MEGHALAYA  17,Urban,15-19,57574,27992,29582,44536,21751,22785,38221,18533,19688,6044,3068,2976,119,76,43,141,71,70,11,3,8
C3010,17,00,0000,State - MEGHALAYA  17,Urban,20-24,47049,23154,23895,22222,11587,10635,8128,4145,3983,13604,7250,6354,176,65,111,292,122,170,22,5,17
C3010,17,00,0000,State - MEGHALAYA  17,Urban,25-29,40445,19478,20967,3646,1971,1675,0,0,0,2901,1612,1289,190,87,103,539,270,269,16,2,14
C3010,17,00,0000,State - MEGHALAYA  17,Urban,30-34,32748,16522,16226,823,424,399,0,0,0,621,306,315,60,33,27,138,85,53,4,0,4
C3010,17,00,0000,State - MEGHALAYA  17,Urban,35-59,96564,52149,44415,836,498,338,0,0,0,598,337,261,56,30,26,166,121,45,16,10,6
C3010,17,00,0000,State - MEGHALAYA  17,Urban,60+,20008,9383,10625,89,53,36,0,0,0,63,39,24,10,4,6,13,8,5,3,2,1
C3010,17,00,0000,State - MEGHALAYA  17,Urban,Age not stated,440,261,179,14,3,11,0,0,0,3,2,1,10,0,10,1,1,0,0,0,0
C3010,18,00,0000,State - ASSAM  18,Total,All ages,26655528,13777037,12878491,5921209,3175461,2745748,5422201,2869119,2553082,459367,279372,179995,16605,11770,4835,17080,11919,5161,5956,3281,2675
C3010,18,00,0000,State - ASSAM  18,Total,0-4,3033998,1539293,1494705,72801,37674,35127,72801,37674,35127,0,0,0,0,0,0,0,0,0,0,0,0
C3010,18,00,0000,State - ASSAM  18,Total,5,718082,369032,349050,135333,71328,64005,135333,71328,64005,0,0,0,0,0,0,0,0,0,0,0,0
C3010,18,00,0000,State - ASSAM  18,Total,6,745995,380791,365204,295727,154280,141447,295727,154280,141447,0,0,0,0,0,0,0,0,0,0,0,0
C3010,18,00,0000,State - ASSAM  18,Total,7,727665,369471,358194,447048,233411,213637,447048,233411,213637,0,0,0,0,0,0,0,0,0,0,0,0
C3010,18,00,0000,State - ASSAM  18,Total,8,836315,429121,407194,539906,284892,255014,539906,284892,255014,0,0,0,0,0,0,0,0,0,0,0,0
C3010,18,00,0000,State - ASSAM  18,Total,9,575644,289818,285826,419991,216042,203949,419991,216042,203949,0,0,0,0,0,0,0,0,0,0,0,0
C3010,18,00,0000,State - ASSAM  18,Total,10,875099,454024,421075,591630,315109,276521,591630,315109,276521,0,0,0,0,0,0,0,0,0,0,0,0
C3010,18,00,0000,State - ASSAM  18,Total,11,449531,227842,221689,345658,178775,166883,345658,178775,166883,0,0,0,0,0,0,0,0,0,0,0,0
C3010,18,00,0000,State - ASSAM  18,Total,12,841936,440289,401647,558661,299262,259399,558661,299262,259399,0,0,0,0,0,0,0,0,0,0,0,0
C3010,18,00,0000,State - ASSAM  18,Total,13,531130,268600,262530,376136,193879,182257,376136,193879,182257,0,0,0,0,0,0,0,0,0,0,0,0
C3010,18,00,0000,State - ASSAM  18,Total,14,634947,327214,307733,408674,213490,195184,408674,213490,195184,0,0,0,0,0,0,0,0,0,0,0,0
C3010,18,00,0000,State - ASSAM  18,Total,15-19,2610793,1368367,1242426,1209617,655328,554289,1060936,570277,490659,139582,78393,61189,3237,2355,882,5515,4130,1385,347,173,174
C3010,18,00,0000,State - ASSAM  18,Total,20-24,2315138,1157866,1157272,436079,263996,172083,169700,100700,69000,255663,155992,99671,6267,4534,1733,3759,2428,1331,690,342,348
C3010,18,00,0000,State - ASSAM  18,Total,25-29,2315931,1125381,1190550,58240,39935,18305,0,0,0,49105,33896,15209,3574,2523,1051,4638,3063,1575,923,453,470
C3010,18,00,0000,State - ASSAM  18,Total,30-34,1978201,1006114,972087,12640,9153,3487,0,0,0,9119,6840,2279,1266,862,404,1423,1029,394,832,422,410
C3010,18,00,0000,State - ASSAM  18,Total,35-59,5875783,3206021,2669762,10819,7486,3333,0,0,0,4880,3602,1278,1834,1236,598,1501,1098,403,2604,1550,1054
C3010,18,00,0000,State - ASSAM  18,Total,60+,1560366,800585,759781,1732,1084,648,0,0,0,650,432,218,320,173,147,211,145,66,551,334,217
C3010,18,00,0000,State - ASSAM  18,Total,Age not stated,28974,17208,11766,517,337,180,0,0,0,368,217,151,107,87,20,33,26,7,9,7,2
C3010,18,00,0000,State - ASSAM  18,Rural,All ages,23216288,11939945,11276343,4993156,2685399,2307757,4641911,2463999,2177912,324894,203345,121549,8759,6028,2731,12446,9192,3254,5146,2835,2311
C3010,18,00,0000,State - ASSAM  18,Rural,0-4,2767570,1402617,1364953,55126,28320,26806,55126,28320,26806,0,0,0,0,0,0,0,0,0,0,0,0
C3010,18,00,0000,State - ASSAM  18,Rural,5,653626,335458,318168,110458,58248,52210,110458,58248,52210,0,0,0,0,0,0,0,0,0,0,0,0
C3010,18,00,0000,State - ASSAM  18,Rural,6,683211,348424,334787,256498,133898,122600,256498,133898,122600,0,0,0,0,0,0,0,0,0,0,0,0
C3010,18,00,0000,State - ASSAM  18,Rural,7,657618,333486,324132,388050,202664,185386,388050,202664,185386,0,0,0,0,0,0,0,0,0,0,0,0
C3010,18,00,0000,State - ASSAM  18,Rural,8,761257,389963,371294,475458,250685,224773,475458,250685,224773,0,0,0,0,0,0,0,0,0,0,0,0
C3010,18,00,0000,State - ASSAM  18,Rural,9,516260,259695,256565,367120,188874,178246,367120,188874,178246,0,0,0,0,0,0,0,0,0,0,0,0
C3010,18,00,0000,State - ASSAM  18,Rural,10,787409,408374,379035,516838,275373,241465,516838,275373,241465,0,0,0,0,0,0,0,0,0,0,0,0
C3010,18,00,0000,State - ASSAM  18,Rural,11,390059,197635,192424,292493,151327,141166,292493,151327,141166,0,0,0,0,0,0,0,0,0,0,0,0
C3010,18,00,0000,State - ASSAM  18,Rural,12,753495,394512,358983,485137,260377,224760,485137,260377,224760,0,0,0,0,0,0,0,0,0,0,0,0
C3010,18,00,0000,State - ASSAM  18,Rural,13,462232,234242,227990,317644,164302,153342,317644,164302,153342,0,0,0,0,0,0,0,0,0,0,0,0
C3010,18,00,0000,State - ASSAM  18,Rural,14,559158,289101,270057,347777,182629,165148,347777,182629,165148,0,0,0,0,0,0,0,0,0,0,0,0
C3010,18,00,0000,State - ASSAM  18,Rural,15-19,2270735,1192131,1078604,990172,541955,448217,884452,480030,404422,98824,56758,42066,1742,1274,468,4838,3734,1104,316,159,157
C3010,18,00,0000,State - ASSAM  18,Rural,20-24,1971154,976886,994268,329540,203478,126062,144860,87272,57588,178512,112008,66504,2840,1988,852,2707,1903,804,621,307,314
C3010,18,00,0000,State - ASSAM  18,Rural,25-29,1967157,948411,1018746,41950,29719,12231,0,0,0,36717,26247,10470,1717,1192,525,2722,1889,833,794,391,403
C3010,18,00,0000,State - ASSAM  18,Rural,30-34,1671602,842485,829117,9570,7085,2485,0,0,0,7114,5496,1618,804,522,282,938,709,229,714,358,356
C3010,18,00,0000,State - ASSAM  18,Rural,35-59,4958905,2676469,2282436,7747,5465,2282,0,0,0,3110,2435,675,1370,899,471,1033,808,225,2234,1323,911
C3010,18,00,0000,State - ASSAM  18,Rural,60+,1361247,696202,665045,1281,812,469,0,0,0,375,258,117,265,137,128,182,126,56,459,291,168
C3010,18,00,0000,State - ASSAM  18,Rural,Age not stated,23593,13854,9739,297,188,109,0,0,0,242,143,99,21,16,5,26,23,3,8,6,2
C3010,18,00,0000,State - ASSAM  18,Urban,All ages,3439240,1837092,1602148,928053,490062,437991,780290,405120,375170,134473,76027,58446,7846,5742,2104,4634,2727,1907,810,446,364
C3010,18,00,0000,State - ASSAM  18,Urban,0-4,266428,136676,129752,17675,9354,8321,17675,9354,8321,0,0,0,0,0,0,0,0,0,0,0,0
C3010,18,00,0000,State - ASSAM  18,Urban,5,64456,33574,30882,24875,13080,11795,24875,13080,11795,0,0,0,0,0,0,0,0,0,0,0,0
C3010,18,00,0000,State - ASSAM  18,Urban,6,62784,32367,30417,39229,20382,18847,39229,20382,18847,0,0,0,0,0,0,0,0,0,0,0,0
C3010,18,00,0000,State - ASSAM  18,Urban,7,70047,35985,34062,58998,30747,28251,58998,30747,28251,0,0,0,0,0,0,0,0,0,0,0,0
C3010,18,00,0000,State - ASSAM  18,Urban,8,75058,39158,35900,64448,34207,30241,64448,34207,30241,0,0,0,0,0,0,0,0,0,0,0,0
C3010,18,00,0000,State - ASSAM  18,Urban,9,59384,30123,29261,52871,27168,25703,52871,27168,25703,0,0,0,0,0,0,0,0,0,0,0,0
C3010,18,00,0000,State - ASSAM  18,Urban,10,87690,45650,42040,74792,39736,35056,74792,39736,35056,0,0,0,0,0,0,0,0,0,0,0,0
C3010,18,00,0000,State - ASSAM  18,Urban,11,59472,30207,29265,53165,27448,25717,53165,27448,25717,0,0,0,0,0,0,0,0,0,0,0,0
C3010,18,00,0000,State - ASSAM  18,Urban,12,88441,45777,42664,73524,38885,34639,73524,38885,34639,0,0,0,0,0,0,0,0,0,0,0,0
C3010,18,00,0000,State - ASSAM  18,Urban,13,68898,34358,34540,58492,29577,28915,58492,29577,28915,0,0,0,0,0,0,0,0,0,0,0,0
C3010,18,00,0000,State - ASSAM  18,Urban,14,75789,38113,37676,60897,30861,30036,60897,30861,30036,0,0,0,0,0,0,0,0,0,0,0,0
C3010,18,00,0000,State - ASSAM  18,Urban,15-19,340058,176236,163822,219445,113373,106072,176484,90247,86237,40758,21635,19123,1495,1081,414,677,396,281,31,14,17
C3010,18,00,0000,State - ASSAM  18,Urban,20-24,343984,180980,163004,106539,60518,46021,24840,13428,11412,77151,43984,33167,3427,2546,881,1052,525,527,69,35,34
C3010,18,00,0000,State - ASSAM  18,Urban,25-29,348774,176970,171804,16290,10216,6074,0,0,0,12388,7649,4739,1857,1331,526,1916,1174,742,129,62,67
C3010,18,00,0000,State - ASSAM  18,Urban,30-34,306599,163629,142970,3070,2068,1002,0,0,0,2005,1344,661,462,340,122,485,320,165,118,64,54
C3010,18,00,0000,State - ASSAM  18,Urban,35-59,916878,529552,387326,3072,2021,1051,0,0,0,1770,1167,603,464,337,127,468,290,178,370,227,143
C3010,18,00,0000,State - ASSAM  18,Urban,60+,199119,104383,94736,451,272,179,0,0,0,275,174,101,55,36,19,29,19,10,92,43,49
C3010,18,00,0000,State - ASSAM  18,Urban,Age not stated,5381,3354,2027,220,149,71,0,0,0,126,74,52,86,71,15,7,3,4,1,1,0
C3010,19,00,0000,State - WEST BENGAL  19,Total,All ages,80176197,41465985,38710212,16780202,9049249,7730953,15661835,8355581,7306254,772128,497535,274593,89143,61936,27207,54085,36786,17299,203011,97411,105600
C3010,19,00,0000,State - WEST BENGAL  19,Total,0-4,7616261,3874439,3741822,177297,90409,86888,177297,90409,86888,0,0,0,0,0,0,0,0,0,0,0,0
C3010,19,00,0000,State - WEST BENGAL  19,Total,5,1925525,992603,932922,319780,166420,153360,319780,166420,153360,0,0,0,0,0,0,0,0,0,0,0,0
C3010,19,00,0000,State - WEST BENGAL  19,Total,6,1872436,957138,915298,685569,356390,329179,685569,356390,329179,0,0,0,0,0,0,0,0,0,0,0,0
C3010,19,00,0000,State - WEST BENGAL  19,Total,7,1878621,954547,924074,1325671,685726,639945,1325671,685726,639945,0,0,0,0,0,0,0,0,0,0,0,0
C3010,19,00,0000,State - WEST BENGAL  19,Total,8,2190032,1128703,1061329,1657079,870126,786953,1657079,870126,786953,0,0,0,0,0,0,0,0,0,0,0,0
C3010,19,00,0000,State - WEST BENGAL  19,Total,9,1623994,818134,805860,1335360,682609,652751,1335360,682609,652751,0,0,0,0,0,0,0,0,0,0,0,0
C3010,19,00,0000,State - WEST BENGAL  19,Total,10,2472834,1288022,1184812,1943529,1030303,913226,1943529,1030303,913226,0,0,0,0,0,0,0,0,0,0,0,0
C3010,19,00,0000,State - WEST BENGAL  19,Total,11,1363961,699340,664621,1128148,586746,541402,1128148,586746,541402,0,0,0,0,0,0,0,0,0,0,0,0
C3010,19,00,0000,State - WEST BENGAL  19,Total,12,2343737,1231421,1112316,1730917,928156,802761,1730917,928156,802761,0,0,0,0,0,0,0,0,0,0,0,0
C3010,19,00,0000,State - WEST BENGAL  19,Total,13,1534690,763520,771170,1120891,570474,550417,1120891,570474,550417,0,0,0,0,0,0,0,0,0,0,0,0
C3010,19,00,0000,State - WEST BENGAL  19,Total,14,1823314,932449,890865,1169903,614031,555872,1169903,614031,555872,0,0,0,0,0,0,0,0,0,0,0,0
C3010,19,00,0000,State - WEST BENGAL  19,Total,15-19,7633878,4069305,3564573,3048923,1747364,1301559,2775585,1582213,1193372,230175,137188,92987,15868,11136,4732,17783,12078,5705,9512,4749,4763
C3010,19,00,0000,State - WEST BENGAL  19,Total,20-24,7066173,3570800,3495373,820207,535302,284905,292106,191978,100128,466170,305161,161009,25016,18678,6338,10820,7438,3382,26095,12047,14048
C3010,19,00,0000,State - WEST BENGAL  19,Total,25-29,7051603,3487173,3564430,123761,80633,43128,0,0,0,52137,38472,13665,24316,17416,6900,13710,9773,3937,33598,14972,18626
C3010,19,00,0000,State - WEST BENGAL  19,Total,30-34,6247678,3224082,3023596,53572,30229,23343,0,0,0,8796,6399,2397,7715,5192,2523,4289,2925,1364,32772,15713,17059
C3010,19,00,0000,State - WEST BENGAL  19,Total,35-59,19719644,10627263,9092381,117003,61964,55039,0,0,0,10329,7213,3116,12871,7688,5183,5707,3517,2190,88096,43546,44550
C3010,19,00,0000,State - WEST BENGAL  19,Total,60+,5700099,2784491,2915608,21206,11445,9761,0,0,0,3843,2605,1238,3147,1689,1458,1541,902,639,12675,6249,6426
C3010,19,00,0000,State - WEST BENGAL  19,Total,Age not stated,111717,62555,49162,1386,922,464,0,0,0,678,497,181,210,137,73,235,153,82,263,135,128
C3010,19,00,0000,State - WEST BENGAL  19,Rural,All ages,57748946,29616009,28132937,12006905,6495395,5511510,11439813,6130276,5309537,322262,233001,89261,31256,21960,9296,28475,20703,7772,185099,89455,95644
C3010,19,00,0000,State - WEST BENGAL  19,Rural,0-4,6085921,3092818,2993103,112730,56972,55758,112730,56972,55758,0,0,0,0,0,0,0,0,0,0,0,0
C3010,19,00,0000,State - WEST BENGAL  19,Rural,5,1532189,788059,744130,225668,116882,108786,225668,116882,108786,0,0,0,0,0,0,0,0,0,0,0,0
C3010,19,00,0000,State - WEST BENGAL  19,Rural,6,1500893,764935,735958,524565,272212,252353,524565,272212,252353,0,0,0,0,0,0,0,0,0,0,0,0
C3010,19,00,0000,State - WEST BENGAL  19,Rural,7,1482735,751023,731712,1016005,524589,491416,1016005,524589,491416,0,0,0,0,0,0,0,0,0,0,0,0
C3010,19,00,0000,State - WEST BENGAL  19,Rural,8,1731340,888882,842458,1283811,672823,610988,1283811,672823,610988,0,0,0,0,0,0,0,0,0,0,0,0
C3010,19,00,0000,State - WEST BENGAL  19,Rural,9,1273217,640124,633093,1035213,529257,505956,1035213,529257,505956,0,0,0,0,0,0,0,0,0,0,0,0
C3010,19,00,0000,State - WEST BENGAL  19,Rural,10,1912138,992760,919378,1482348,785322,697026,1482348,785322,697026,0,0,0,0,0,0,0,0,0,0,0,0
C3010,19,00,0000,State - WEST BENGAL  19,Rural,11,1020554,521522,499032,834136,433520,400616,834136,433520,400616,0,0,0,0,0,0,0,0,0,0,0,0
C3010,19,00,0000,State - WEST BENGAL  19,Rural,12,1806100,947024,859076,1307125,701997,605128,1307125,701997,605128,0,0,0,0,0,0,0,0,0,0,0,0
C3010,19,00,0000,State - WEST BENGAL  19,Rural,13,1145075,569845,575230,812434,415524,396910,812434,415524,396910,0,0,0,0,0,0,0,0,0,0,0,0
C3010,19,00,0000,State - WEST BENGAL  19,Rural,14,1362150,697654,664496,836470,442171,394299,836470,442171,394299,0,0,0,0,0,0,0,0,0,0,0,0
C3010,19,00,0000,State - WEST BENGAL  19,Rural,15-19,5460196,2923195,2537001,1918200,1137721,780479,1790387,1053520,736867,100407,66223,34184,6340,4638,1702,12497,8985,3512,8569,4355,4214
C3010,19,00,0000,State - WEST BENGAL  19,Rural,20-24,4968144,2467427,2500717,407651,288410,119241,178921,125487,53434,191618,141581,50037,8081,6158,1923,5258,4036,1222,23773,11148,12625
C3010,19,00,0000,State - WEST BENGAL  19,Rural,25-29,4986327,2433556,2552771,66112,42399,23713,0,0,0,23105,19253,3852,6854,5225,1629,5126,3975,1151,31027,13946,17081
C3010,19,00,0000,State - WEST BENGAL  19,Rural,30-34,4372794,2243149,2129645,38319,20737,17582,0,0,0,3352,2862,490,2786,1849,937,1783,1309,474,30398,14717,15681
C3010,19,00,0000,State - WEST BENGAL  19,Rural,35-59,13227253,7037970,6189283,91054,46932,44122,0,0,0,2500,2110,390,5581,3292,2289,2659,1718,941,80314,39812,40502
C3010,19,00,0000,State - WEST BENGAL  19,Rural,60+,3808275,1815557,1992718,14350,7470,6880,0,0,0,1028,775,253,1548,764,784,959,555,404,10815,5376,5439
C3010,19,00,0000,State - WEST BENGAL  19,Rural,Age not stated,73645,40509,33136,714,457,257,0,0,0,252,197,55,66,34,32,193,125,68,203,101,102
C3010,19,00,0000,State - WEST BENGAL  19,Urban,All ages,22427251,11849976,10577275,4773297,2553854,2219443,4222022,2225305,1996717,449866,264534,185332,57887,39976,17911,25610,16083,9527,17912,7956,9956
C3010,19,00,0000,State - WEST BENGAL  19,Urban,0-4,1530340,781621,748719,64567,33437,31130,64567,33437,31130,0,0,0,0,0,0,0,0,0,0,0,0
C3010,19,00,0000,State - WEST BENGAL  19,Urban,5,393336,204544,188792,94112,49538,44574,94112,49538,44574,0,0,0,0,0,0,0,0,0,0,0,0
C3010,19,00,0000,State - WEST BENGAL  19,Urban,6,371543,192203,179340,161004,84178,76826,161004,84178,76826,0,0,0,0,0,0,0,0,0,0,0,0
C3010,19,00,0000,State - WEST BENGAL  19,Urban,7,395886,203524,192362,309666,161137,148529,309666,161137,148529,0,0,0,0,0,0,0,0,0,0,0,0
C3010,19,00,0000,State - WEST BENGAL  19,Urban,8,458692,239821,218871,373268,197303,175965,373268,197303,175965,0,0,0,0,0,0,0,0,0,0,0,0
C3010,19,00,0000,State - WEST BENGAL  19,Urban,9,350777,178010,172767,300147,153352,146795,300147,153352,146795,0,0,0,0,0,0,0,0,0,0,0,0
C3010,19,00,0000,State - WEST BENGAL  19,Urban,10,560696,295262,265434,461181,244981,216200,461181,244981,216200,0,0,0,0,0,0,0,0,0,0,0,0
C3010,19,00,0000,State - WEST BENGAL  19,Urban,11,343407,177818,165589,294012,153226,140786,294012,153226,140786,0,0,0,0,0,0,0,0,0,0,0,0
C3010,19,00,0000,State - WEST BENGAL  19,Urban,12,537637,284397,253240,423792,226159,197633,423792,226159,197633,0,0,0,0,0,0,0,0,0,0,0,0
C3010,19,00,0000,State - WEST BENGAL  19,Urban,13,389615,193675,195940,308457,154950,153507,308457,154950,153507,0,0,0,0,0,0,0,0,0,0,0,0
C3010,19,00,0000,State - WEST BENGAL  19,Urban,14,461164,234795,226369,333433,171860,161573,333433,171860,161573,0,0,0,0,0,0,0,0,0,0,0,0
C3010,19,00,0000,State - WEST BENGAL  19,Urban,15-19,2173682,1146110,1027572,1130723,609643,521080,985198,528693,456505,129768,70965,58803,9528,6498,3030,5286,3093,2193,943,394,549
C3010,19,00,0000,State - WEST BENGAL  19,Urban,20-24,2098029,1103373,994656,412556,246892,165664,113185,66491,46694,274552,163580,110972,16935,12520,4415,5562,3402,2160,2322,899,1423
C3010,19,00,0000,State - WEST BENGAL  19,Urban,25-29,2065276,1053617,1011659,57649,38234,19415,0,0,0,29032,19219,9813,17462,12191,5271,8584,5798,2786,2571,1026,1545
C3010,19,00,0000,State - WEST BENGAL  19,Urban,30-34,1874884,980933,893951,15253,9492,5761,0,0,0,5444,3537,1907,4929,3343,1586,2506,1616,890,2374,996,1378
C3010,19,00,0000,State - WEST BENGAL  19,Urban,35-59,6492391,3589293,2903098,25949,15032,10917,0,0,0,7829,5103,2726,7290,4396,2894,3048,1799,1249,7782,3734,4048
C3010,19,00,0000,State - WEST BENGAL  19,Urban,60+,1891824,968934,922890,6856,3975,2881,0,0,0,2815,1830,985,1599,925,674,582,347,235,1860,873,987
C3010,19,00,0000,State - WEST BENGAL  19,Urban,Age not stated,38072,22046,16026,672,465,207,0,0,0,426,300,126,144,103,41,42,28,14,60,34,26
C3010,20,00,0000,State - JHARKHAND  20,Total,All ages,26945829,13885037,13060792,5385679,3201622,2184057,4919743,2877686,2042057,416484,289850,126634,23246,17631,5615,17311,12059,5252,8895,4396,4499
C3010,20,00,0000,State - JHARKHAND  20,Total,0-4,3269645,1655097,1614548,67665,36553,31112,67665,36553,31112,0,0,0,0,0,0,0,0,0,0,0,0
C3010,20,00,0000,State - JHARKHAND  20,Total,5,810431,421921,388510,128112,71692,56420,128112,71692,56420,0,0,0,0,0,0,0,0,0,0,0,0
C3010,20,00,0000,State - JHARKHAND  20,Total,6,876751,445018,431733,239763,132017,107746,239763,132017,107746,0,0,0,0,0,0,0,0,0,0,0,0
C3010,20,00,0000,State - JHARKHAND  20,Total,7,649795,328015,321780,360411,196384,164027,360411,196384,164027,0,0,0,0,0,0,0,0,0,0,0,0
C3010,20,00,0000,State - JHARKHAND  20,Total,8,1021081,529139,491942,590055,333858,256197,590055,333858,256197,0,0,0,0,0,0,0,0,0,0,0,0
C3010,20,00,0000,State - JHARKHAND  20,Total,9,546038,277252,268786,364433,201149,163284,364433,201149,163284,0,0,0,0,0,0,0,0,0,0,0,0
C3010,20,00,0000,State - JHARKHAND  20,Total,10,1075029,567605,507424,680788,396093,284695,680788,396093,284695,0,0,0,0,0,0,0,0,0,0,0,0
C3010,20,00,0000,State - JHARKHAND  20,Total,11,411004,213140,197864,298461,168451,130010,298461,168451,130010,0,0,0,0,0,0,0,0,0,0,0,0
C3010,20,00,0000,State - JHARKHAND  20,Total,12,967069,512452,454617,605585,358483,247102,605585,358483,247102,0,0,0,0,0,0,0,0,0,0,0,0
C3010,20,00,0000,State - JHARKHAND  20,Total,13,482134,244579,237555,318616,180746,137870,318616,180746,137870,0,0,0,0,0,0,0,0,0,0,0,0
C3010,20,00,0000,State - JHARKHAND  20,Total,14,599717,314452,285265,356072,210958,145114,356072,210958,145114,0,0,0,0,0,0,0,0,0,0,0,0
C3010,20,00,0000,State - JHARKHAND  20,Total,15-19,2499650,1351313,1148337,997434,642866,354568,833940,536308,297632,150140,97423,52717,5194,3894,1300,7519,4944,2575,641,297,344
C3010,20,00,0000,State - JHARKHAND  20,Total,20-24,2149707,1086951,1062756,302408,214858,87550,75842,54994,20848,215107,151633,63474,6882,5282,1600,3156,2289,867,1421,660,761
C3010,20,00,0000,State - JHARKHAND  20,Total,25-29,2031648,1011956,1019692,47973,37763,10210,0,0,0,37038,29660,7378,6287,5053,1234,3126,2322,804,1522,728,794
C3010,20,00,0000,State - JHARKHAND  20,Total,30-34,1882378,930481,951897,11368,8531,2837,0,0,0,7136,5720,1416,1688,1305,383,1202,874,328,1342,632,710
C3010,20,00,0000,State - JHARKHAND  20,Total,35-59,6061782,3187544,2874238,13156,8948,4208,0,0,0,5399,4212,1187,2545,1713,832,1889,1314,575,3323,1709,1614
C3010,20,00,0000,State - JHARKHAND  20,Total,60+,1578662,787234,791428,2970,1983,987,0,0,0,1380,1006,374,611,355,256,364,272,92,615,350,265
C3010,20,00,0000,State - JHARKHAND  20,Total,Age not stated,33308,20888,12420,409,289,120,0,0,0,284,196,88,39,29,10,55,44,11,31,20,11
C3010,20,00,0000,State - JHARKHAND  20,Rural,All ages,20952088,10679596,10272492,3593338,2198248,1395090,3419854,2062808,1357046,147981,119037,28944,7998,5679,2319,10419,7171,3248,7086,3553,3533
C3010,20,00,0000,State - JHARKHAND  20,Rural,0-4,2710437,1366574,1343863,36018,19797,16221,36018,19797,16221,0,0,0,0,0,0,0,0,0,0,0,0
C3010,20,00,0000,State - JHARKHAND  20,Rural,5,665256,344898,320358,81014,46007,35007,81014,46007,35007,0,0,0,0,0,0,0,0,0,0,0,0
C3010,20,00,0000,State - JHARKHAND  20,Rural,6,734633,371954,362679,173381,97006,76375,173381,97006,76375,0,0,0,0,0,0,0,0,0,0,0,0
C3010,20,00,0000,State - JHARKHAND  20,Rural,7,519781,261359,258422,257058,142200,114858,257058,142200,114858,0,0,0,0,0,0,0,0,0,0,0,0
C3010,20,00,0000,State - JHARKHAND  20,Rural,8,842208,435490,406718,444823,255880,188943,444823,255880,188943,0,0,0,0,0,0,0,0,0,0,0,0
C3010,20,00,0000,State - JHARKHAND  20,Rural,9,436629,220883,215746,269509,151404,118105,269509,151404,118105,0,0,0,0,0,0,0,0,0,0,0,0
C3010,20,00,0000,State - JHARKHAND  20,Rural,10,872540,459792,412748,511813,304058,207755,511813,304058,207755,0,0,0,0,0,0,0,0,0,0,0,0
C3010,20,00,0000,State - JHARKHAND  20,Rural,11,304994,157381,147613,204399,118191,86208,204399,118191,86208,0,0,0,0,0,0,0,0,0,0,0,0
C3010,20,00,0000,State - JHARKHAND  20,Rural,12,774314,410335,363979,445833,271974,173859,445833,271974,173859,0,0,0,0,0,0,0,0,0,0,0,0
C3010,20,00,0000,State - JHARKHAND  20,Rural,13,357325,181541,175784,213087,126130,86957,213087,126130,86957,0,0,0,0,0,0,0,0,0,0,0,0
C3010,20,00,0000,State - JHARKHAND  20,Rural,14,446139,234177,211962,233150,144991,88159,233150,144991,88159,0,0,0,0,0,0,0,0,0,0,0,0
C3010,20,00,0000,State - JHARKHAND  20,Rural,15-19,1815202,976911,838291,560943,392601,168342,499852,346980,152872,53305,40519,12786,1703,1225,478,5573,3651,1922,510,226,284
C3010,20,00,0000,State - JHARKHAND  20,Rural,20-24,1580950,773759,807191,128092,101465,26627,49917,38190,11727,73312,59912,13400,2098,1609,489,1608,1228,380,1157,526,631
C3010,20,00,0000,State - JHARKHAND  20,Rural,25-29,1545726,756779,788947,19310,16064,3246,0,0,0,15297,13352,1945,1599,1240,359,1186,892,294,1228,580,648
C3010,20,00,0000,State - JHARKHAND  20,Rural,30-34,1457192,708304,748888,5546,4159,1387,0,0,0,3193,2775,418,666,453,213,592,398,194,1095,533,562
C3010,20,00,0000,State - JHARKHAND  20,Rural,35-59,4589334,2374660,2214674,7532,5075,2457,0,0,0,2304,2014,290,1491,915,576,1142,762,380,2595,1384,1211
C3010,20,00,0000,State - JHARKHAND  20,Rural,60+,1274990,629223,645767,1650,1106,544,0,0,0,470,385,85,426,227,199,274,205,69,480,289,191
C3010,20,00,0000,State - JHARKHAND  20,Rural,Age not stated,24438,15576,8862,180,140,40,0,0,0,100,80,20,15,10,5,44,35,9,21,15,6
C3010,20,00,0000,State - JHARKHAND  20,Urban,All ages,5993741,3205441,2788300,1792341,1003374,788967,1499889,814878,685011,268503,170813,97690,15248,11952,3296,6892,4888,2004,1809,843,966
C3010,20,00,0000,State - JHARKHAND  20,Urban,0-4,559208,288523,270685,31647,16756,14891,31647,16756,14891,0,0,0,0,0,0,0,0,0,0,0,0
C3010,20,00,0000,State - JHARKHAND  20,Urban,5,145175,77023,68152,47098,25685,21413,47098,25685,21413,0,0,0,0,0,0,0,0,0,0,0,0
C3010,20,00,0000,State - JHARKHAND  20,Urban,6,142118,73064,69054,66382,35011,31371,66382,35011,31371,0,0,0,0,0,0,0,0,0,0,0,0
C3010,20,00,0000,State - JHARKHAND  20,Urban,7,130014,66656,63358,103353,54184,49169,103353,54184,49169,0,0,0,0,0,0,0,0,0,0,0,0
C3010,20,00,0000,State - JHARKHAND  20,Urban,8,178873,93649,85224,145232,77978,67254,145232,77978,67254,0,0,0,0,0,0,0,0,0,0,0,0
C3010,20,00,0000,State - JHARKHAND  20,Urban,9,109409,56369,53040,94924,49745,45179,94924,49745,45179,0,0,0,0,0,0,0,0,0,0,0,0
C3010,20,00,0000,State - JHARKHAND  20,Urban,10,202489,107813,94676,168975,92035,76940,168975,92035,76940,0,0,0,0,0,0,0,0,0,0,0,0
C3010,20,00,0000,State - JHARKHAND  20,Urban,11,106010,55759,50251,94062,50260,43802,94062,50260,43802,0,0,0,0,0,0,0,0,0,0,0,0
C3010,20,00,0000,State - JHARKHAND  20,Urban,12,192755,102117,90638,159752,86509,73243,159752,86509,73243,0,0,0,0,0,0,0,0,0,0,0,0
C3010,20,00,0000,State - JHARKHAND  20,Urban,13,124809,63038,61771,105529,54616,50913,105529,54616,50913,0,0,0,0,0,0,0,0,0,0,0,0
C3010,20,00,0000,State - JHARKHAND  20,Urban,14,153578,80275,73303,122922,65967,56955,122922,65967,56955,0,0,0,0,0,0,0,0,0,0,0,0
C3010,20,00,0000,State - JHARKHAND  20,Urban,15-19,684448,374402,310046,436491,250265,186226,334088,189328,144760,96835,56904,39931,3491,2669,822,1946,1293,653,131,71,60
C3010,20,00,0000,State - JHARKHAND  20,Urban,20-24,568757,313192,255565,174316,113393,60923,25925,16804,9121,141795,91721,50074,4784,3673,1111,1548,1061,487,264,134,130
C3010,20,00,0000,State - JHARKHAND  20,Urban,25-29,485922,255177,230745,28663,21699,6964,0,0,0,21741,16308,5433,4688,3813,875,1940,1430,510,294,148,146
C3010,20,00,0000,State - JHARKHAND  20,Urban,30-34,425186,222177,203009,5822,4372,1450,0,0,0,3943,2945,998,1022,852,170,610,476,134,247,99,148
C3010,20,00,0000,State - JHARKHAND  20,Urban,35-59,1472448,812884,659564,5624,3873,1751,0,0,0,3095,2198,897,1054,798,256,747,552,195,728,325,403
C3010,20,00,0000,State - JHARKHAND  20,Urban,60+,303672,158011,145661,1320,877,443,0,0,0,910,621,289,185,128,57,90,67,23,135,61,74
C3010,20,00,0000,State - JHARKHAND  20,Urban,Age not stated,8870,5312,3558,229,149,80,0,0,0,184,116,68,24,19,5,11,9,2,10,5,5
C3010,21,00,0000,State - ORISSA  21,Total,All ages,36804660,18660570,18144090,7357488,4097723,3259765,6649875,3637183,3012692,566845,376640,190205,47284,35193,12091,13887,9991,3896,79597,38716,40881
C3010,21,00,0000,State - ORISSA  21,Total,0-4,3573657,1823878,1749779,67326,34647,32679,67326,34647,32679,0,0,0,0,0,0,0,0,0,0,0,0
C3010,21,00,0000,State - ORISSA  21,Total,5,948256,490376,457880,213915,114806,99109,213915,114806,99109,0,0,0,0,0,0,0,0,0,0,0,0
C3010,21,00,0000,State - ORISSA  21,Total,6,836897,430298,406599,386361,207346,179015,386361,207346,179015,0,0,0,0,0,0,0,0,0,0,0,0
C3010,21,00,0000,State - ORISSA  21,Total,7,852227,426526,425701,604003,315348,288655,604003,315348,288655,0,0,0,0,0,0,0,0,0,0,0,0
C3010,21,00,0000,State - ORISSA  21,Total,8,1027635,527368,500267,750444,405043,345401,750444,405043,345401,0,0,0,0,0,0,0,0,0,0,0,0
C3010,21,00,0000,State - ORISSA  21,Total,9,712590,366328,346262,571598,307493,264105,571598,307493,264105,0,0,0,0,0,0,0,0,0,0,0,0
C3010,21,00,0000,State - ORISSA  21,Total,10,1105838,570436,535402,805402,441921,363481,805402,441921,363481,0,0,0,0,0,0,0,0,0,0,0,0
C3010,21,00,0000,State - ORISSA  21,Total,11,610663,317111,293552,499720,272175,227545,499720,272175,227545,0,0,0,0,0,0,0,0,0,0,0,0
C3010,21,00,0000,State - ORISSA  21,Total,12,1079525,554014,525511,740720,410418,330302,740720,410418,330302,0,0,0,0,0,0,0,0,0,0,0,0
C3010,21,00,0000,State - ORISSA  21,Total,13,682748,341385,341363,489671,264526,225145,489671,264526,225145,0,0,0,0,0,0,0,0,0,0,0,0
C3010,21,00,0000,State - ORISSA  21,Total,14,777836,388153,389683,489720,269117,220603,489720,269117,220603,0,0,0,0,0,0,0,0,0,0,0,0
C3010,21,00,0000,State - ORISSA  21,Total,15-19,3531384,1760391,1770993,1260544,735237,525307,980995,561924,419071,252283,155762,96521,16728,12033,4695,4862,3159,1703,5676,2359,3317
C3010,21,00,0000,State - ORISSA  21,Total,20-24,3190193,1600793,1589400,364832,246852,117980,50000,32419,17581,282606,195583,87023,14838,10710,4128,3214,2282,932,14174,5858,8316
C3010,21,00,0000,State - ORISSA  21,Total,25-29,3108955,1518820,1590135,54749,38486,16263,0,0,0,24741,19984,4757,9547,7934,1613,3161,2545,616,17300,8023,9277
C3010,21,00,0000,State - ORISSA  21,Total,30-34,2761000,1376140,1384860,21015,11992,9023,0,0,0,3177,2512,665,2175,1710,465,891,697,194,14772,7073,7699
C3010,21,00,0000,State - ORISSA  21,Total,35-59,8904094,4631444,4272650,31361,18430,12931,0,0,0,2235,1612,623,2957,2107,850,1291,980,311,24878,13731,11147
C3010,21,00,0000,State - ORISSA  21,Total,60+,3039100,1502730,1536370,4772,2954,1818,0,0,0,1067,713,354,640,356,284,386,272,114,2679,1613,1066
C3010,21,00,0000,State - ORISSA  21,Total,Age not stated,62062,34379,27683,1335,932,403,0,0,0,736,474,262,399,343,56,82,56,26,118,59,59
C3010,21,00,0000,State - ORISSA  21,Rural,All ages,31287422,15748970,15538452,5966649,3338303,2628346,5509881,3033619,2476262,351654,246191,105463,19579,15214,4365,7176,5089,2087,78359,38190,40169
C3010,21,00,0000,State - ORISSA  21,Rural,0-4,3131603,1595977,1535626,51587,26471,25116,51587,26471,25116,0,0,0,0,0,0,0,0,0,0,0,0
C3010,21,00,0000,State - ORISSA  21,Rural,5,831437,429668,401769,179184,96383,82801,179184,96383,82801,0,0,0,0,0,0,0,0,0,0,0,0
C3010,21,00,0000,State - ORISSA  21,Rural,6,733318,376287,357031,330450,177857,152593,330450,177857,152593,0,0,0,0,0,0,0,0,0,0,0,0
C3010,21,00,0000,State - ORISSA  21,Rural,7,741568,370442,371126,513205,268466,244739,513205,268466,244739,0,0,0,0,0,0,0,0,0,0,0,0
C3010,21,00,0000,State - ORISSA  21,Rural,8,899142,460537,438605,642912,347851,295061,642912,347851,295061,0,0,0,0,0,0,0,0,0,0,0,0
C3010,21,00,0000,State - ORISSA  21,Rural,9,615087,315776,299311,485651,262166,223485,485651,262166,223485,0,0,0,0,0,0,0,0,0,0,0,0
C3010,21,00,0000,State - ORISSA  21,Rural,10,960519,494381,466138,684367,377037,307330,684367,377037,307330,0,0,0,0,0,0,0,0,0,0,0,0
C3010,21,00,0000,State - ORISSA  21,Rural,11,514446,267111,247335,414296,227104,187192,414296,227104,187192,0,0,0,0,0,0,0,0,0,0,0,0
C3010,21,00,0000,State - ORISSA  21,Rural,12,932166,477513,454653,621794,347166,274628,621794,347166,274628,0,0,0,0,0,0,0,0,0,0,0,0
C3010,21,00,0000,State - ORISSA  21,Rural,13,574617,287029,287588,399888,218344,181544,399888,218344,181544,0,0,0,0,0,0,0,0,0,0,0,0
C3010,21,00,0000,State - ORISSA  21,Rural,14,658596,327460,331136,397814,220964,176850,397814,220964,176850,0,0,0,0,0,0,0,0,0,0,0,0
C3010,21,00,0000,State - ORISSA  21,Rural,15-19,2945866,1452934,1492932,928368,553537,374831,749816,438022,311794,163472,106307,57165,6675,5120,1555,2809,1755,1054,5596,2333,3263
C3010,21,00,0000,State - ORISSA  21,Rural,20-24,2629115,1301093,1328022,229573,161384,68189,38917,25788,13129,169865,124510,45355,5432,4263,1169,1370,1026,344,13989,5797,8192
C3010,21,00,0000,State - ORISSA  21,Rural,25-29,2587377,1252683,1334694,36925,24817,12108,0,0,0,14660,12522,2138,3817,3256,561,1377,1117,260,17071,7922,9149
C3010,21,00,0000,State - ORISSA  21,Rural,30-34,2307105,1138311,1168794,17807,9570,8237,0,0,0,1709,1434,275,1065,796,269,441,332,109,14592,7008,7584
C3010,21,00,0000,State - ORISSA  21,Rural,35-59,7489560,3851317,3638243,28074,16144,11930,0,0,0,1021,782,239,1818,1251,567,801,595,206,24434,13516,10918
C3010,21,00,0000,State - ORISSA  21,Rural,60+,2684486,1322133,1362353,3929,2438,1491,0,0,0,564,399,165,490,264,226,311,217,94,2564,1558,1006
C3010,21,00,0000,State - ORISSA  21,Rural,Age not stated,51414,28318,23096,825,604,221,0,0,0,363,237,126,282,264,18,67,47,20,113,56,57
C3010,21,00,0000,State - ORISSA  21,Urban,All ages,5517238,2911600,2605638,1390839,759420,631419,1139994,603564,536430,215191,130449,84742,27705,19979,7726,6711,4902,1809,1238,526,712
C3010,21,00,0000,State - ORISSA  21,Urban,0-4,442054,227901,214153,15739,8176,7563,15739,8176,7563,0,0,0,0,0,0,0,0,0,0,0,0
C3010,21,00,0000,State - ORISSA  21,Urban,5,116819,60708,56111,34731,18423,16308,34731,18423,16308,0,0,0,0,0,0,0,0,0,0,0,0
C3010,21,00,0000,State - ORISSA  21,Urban,6,103579,54011,49568,55911,29489,26422,55911,29489,26422,0,0,0,0,0,0,0,0,0,0,0,0
C3010,21,00,0000,State - ORISSA  21,Urban,7,110659,56084,54575,90798,46882,43916,90798,46882,43916,0,0,0,0,0,0,0,0,0,0,0,0
C3010,21,00,0000,State - ORISSA  21,Urban,8,128493,66831,61662,107532,57192,50340,107532,57192,50340,0,0,0,0,0,0,0,0,0,0,0,0
C3010,21,00,0000,State - ORISSA  21,Urban,9,97503,50552,46951,85947,45327,40620,85947,45327,40620,0,0,0,0,0,0,0,0,0,0,0,0
C3010,21,00,0000,State - ORISSA  21,Urban,10,145319,76055,69264,121035,64884,56151,121035,64884,56151,0,0,0,0,0,0,0,0,0,0,0,0
C3010,21,00,0000,State - ORISSA  21,Urban,11,96217,50000,46217,85424,45071,40353,85424,45071,40353,0,0,0,0,0,0,0,0,0,0,0,0
C3010,21,00,0000,State - ORISSA  21,Urban,12,147359,76501,70858,118926,63252,55674,118926,63252,55674,0,0,0,0,0,0,0,0,0,0,0,0
C3010,21,00,0000,State - ORISSA  21,Urban,13,108131,54356,53775,89783,46182,43601,89783,46182,43601,0,0,0,0,0,0,0,0,0,0,0,0
C3010,21,00,0000,State - ORISSA  21,Urban,14,119240,60693,58547,91906,48153,43753,91906,48153,43753,0,0,0,0,0,0,0,0,0,0,0,0
C3010,21,00,0000,State - ORISSA  21,Urban,15-19,585518,307457,278061,332176,181700,150476,231179,123902,107277,88811,49455,39356,10053,6913,3140,2053,1404,649,80,26,54
C3010,21,00,0000,State - ORISSA  21,Urban,20-24,561078,299700,261378,135259,85468,49791,11083,6631,4452,112741,71073,41668,9406,6447,2959,1844,1256,588,185,61,124
C3010,21,00,0000,State - ORISSA  21,Urban,25-29,521578,266137,255441,17824,13669,4155,0,0,0,10081,7462,2619,5730,4678,1052,1784,1428,356,229,101,128
C3010,21,00,0000,State - ORISSA  21,Urban,30-34,453895,237829,216066,3208,2422,786,0,0,0,1468,1078,390,1110,914,196,450,365,85,180,65,115
C3010,21,00,0000,State - ORISSA  21,Urban,35-59,1414534,780127,634407,3287,2286,1001,0,0,0,1214,830,384,1139,856,283,490,385,105,444,215,229
C3010,21,00,0000,State - ORISSA  21,Urban,60+,354614,180597,174017,843,516,327,0,0,0,503,314,189,150,92,58,75,55,20,115,55,60
C3010,21,00,0000,State - ORISSA  21,Urban,Age not stated,10648,6061,4587,510,328,182,0,0,0,373,237,136,117,79,38,15,9,6,5,3,2
C3010,22,00,0000,State - CHHATTISGARH  22,Total,All ages,20833803,10474218,10359585,4606577,2581722,2024855,4333828,2412244,1921584,188254,126483,61771,15034,10692,4342,5525,3667,1858,63936,28636,35300
C3010,22,00,0000,State - CHHATTISGARH  22,Total,0-4,2452954,1241636,1211318,39967,20571,19396,39967,20571,19396,0,0,0,0,0,0,0,0,0,0,0,0
C3010,22,00,0000,State - CHHATTISGARH  22,Total,5,560406,287043,273363,60754,32298,28456,60754,32298,28456,0,0,0,0,0,0,0,0,0,0,0,0
C3010,22,00,0000,State - CHHATTISGARH  22,Total,6,541556,271734,269822,244947,128056,116891,244947,128056,116891,0,0,0,0,0,0,0,0,0,0,0,0
C3010,22,00,0000,State - CHHATTISGARH  22,Total,7,459063,231150,227913,343136,179035,164101,343136,179035,164101,0,0,0,0,0,0,0,0,0,0,0,0
C3010,22,00,0000,State - CHHATTISGARH  22,Total,8,573730,291950,281780,465225,245402,219823,465225,245402,219823,0,0,0,0,0,0,0,0,0,0,0,0
C3010,22,00,0000,State - CHHATTISGARH  22,Total,9,499608,249131,250477,433245,222652,210593,433245,222652,210593,0,0,0,0,0,0,0,0,0,0,0,0
C3010,22,00,0000,State - CHHATTISGARH  22,Total,10,669385,342573,326812,548928,293539,255389,548928,293539,255389,0,0,0,0,0,0,0,0,0,0,0,0
C3010,22,00,0000,State - CHHATTISGARH  22,Total,11,437320,226375,210945,380632,204826,175806,380632,204826,175806,0,0,0,0,0,0,0,0,0,0,0,0
C3010,22,00,0000,State - CHHATTISGARH  22,Total,12,601060,308571,292489,449475,248822,200653,449475,248822,200653,0,0,0,0,0,0,0,0,0,0,0,0
C3010,22,00,0000,State - CHHATTISGARH  22,Total,13,438366,220748,217618,320350,177526,142824,320350,177526,142824,0,0,0,0,0,0,0,0,0,0,0,0
C3010,22,00,0000,State - CHHATTISGARH  22,Total,14,459206,234670,224536,294137,170649,123488,294137,170649,123488,0,0,0,0,0,0,0,0,0,0,0,0
C3010,22,00,0000,State - CHHATTISGARH  22,Total,15-19,1931724,1008441,923283,754266,478165,276101,695360,445074,250286,49519,27566,21953,4329,2866,1463,1904,1208,696,3154,1451,1703
C3010,22,00,0000,State - CHHATTISGARH  22,Total,20-24,1671488,827776,843712,191735,135193,56542,57672,43794,13878,118027,82128,35899,6053,4531,1522,1513,1067,446,8470,3673,4797
C3010,22,00,0000,State - CHHATTISGARH  22,Total,25-29,1636950,814809,822141,31484,21467,10017,0,0,0,16709,13776,2933,2719,2153,566,973,688,285,11083,4850,6233
C3010,22,00,0000,State - CHHATTISGARH  22,Total,30-34,1542280,755721,786559,15631,7523,8108,0,0,0,2095,1644,451,644,431,213,393,243,150,12499,5205,7294
C3010,22,00,0000,State - CHHATTISGARH  22,Total,35-59,4826242,2456463,2369779,30077,14402,15675,0,0,0,1419,1073,346,1023,588,435,562,352,210,27073,12389,14684
C3010,22,00,0000,State - CHHATTISGARH  22,Total,60+,1504383,689685,814698,2285,1447,838,0,0,0,302,208,94,230,109,121,161,103,58,1592,1027,565
C3010,22,00,0000,State - CHHATTISGARH  22,Total,Age not stated,28082,15742,12340,303,149,154,0,0,0,183,88,95,36,14,22,19,6,13,65,41,24
C3010,22,00,0000,State - CHHATTISGARH  22,Rural,All ages,16648056,8307443,8340613,3466831,1967896,1498935,3324001,1875667,1448334,73206,58683,14523,5368,3936,1432,2784,1833,951,61472,27777,33695
C3010,22,00,0000,State - CHHATTISGARH  22,Rural,0-4,2042755,1030310,1012445,23985,12070,11915,23985,12070,11915,0,0,0,0,0,0,0,0,0,0,0,0
C3010,22,00,0000,State - CHHATTISGARH  22,Rural,5,465621,237219,228402,36613,19266,17347,36613,19266,17347,0,0,0,0,0,0,0,0,0,0,0,0
C3010,22,00,0000,State - CHHATTISGARH  22,Rural,6,455604,227971,227633,202384,105999,96385,202384,105999,96385,0,0,0,0,0,0,0,0,0,0,0,0
C3010,22,00,0000,State - CHHATTISGARH  22,Rural,7,370190,185883,184307,269184,140826,128358,269184,140826,128358,0,0,0,0,0,0,0,0,0,0,0,0
C3010,22,00,0000,State - CHHATTISGARH  22,Rural,8,468401,237394,231007,371394,196105,175289,371394,196105,175289,0,0,0,0,0,0,0,0,0,0,0,0
C3010,22,00,0000,State - CHHATTISGARH  22,Rural,9,416399,207376,209023,356240,183645,172595,356240,183645,172595,0,0,0,0,0,0,0,0,0,0,0,0
C3010,22,00,0000,State - CHHATTISGARH  22,Rural,10,547488,279580,267908,439116,236007,203109,439116,236007,203109,0,0,0,0,0,0,0,0,0,0,0,0
C3010,22,00,0000,State - CHHATTISGARH  22,Rural,11,351033,181889,169144,300977,163330,137647,300977,163330,137647,0,0,0,0,0,0,0,0,0,0,0,0
C3010,22,00,0000,State - CHHATTISGARH  22,Rural,12,487123,249650,237473,350764,196786,153978,350764,196786,153978,0,0,0,0,0,0,0,0,0,0,0,0
C3010,22,00,0000,State - CHHATTISGARH  22,Rural,13,349387,176487,172900,244351,138806,105545,244351,138806,105545,0,0,0,0,0,0,0,0,0,0,0,0
C3010,22,00,0000,State - CHHATTISGARH  22,Rural,14,365452,186999,178453,219600,131623,87977,219600,131623,87977,0,0,0,0,0,0,0,0,0,0,0,0
C3010,22,00,0000,State - CHHATTISGARH  22,Rural,15-19,1487415,773358,714057,493066,335020,158046,470842,320438,150404,17033,11743,5290,1250,886,364,866,527,339,3075,1426,1649
C3010,22,00,0000,State - CHHATTISGARH  22,Rural,20-24,1268540,616462,652078,96129,74960,21169,38551,30766,7785,46775,38539,8236,1906,1583,323,671,486,185,8226,3586,4640
C3010,22,00,0000,State - CHHATTISGARH  22,Rural,25-29,1265273,627523,637750,19844,12813,7031,0,0,0,7758,6993,765,966,785,181,429,305,124,10691,4730,5961
C3010,22,00,0000,State - CHHATTISGARH  22,Rural,30-34,1204248,582456,621792,13512,6179,7333,0,0,0,955,828,127,346,204,142,247,154,93,11964,4993,6971
C3010,22,00,0000,State - CHHATTISGARH  22,Rural,35-59,3809366,1916381,1892985,27649,13162,14487,0,0,0,533,459,74,718,398,320,424,270,154,25974,12035,13939
C3010,22,00,0000,State - CHHATTISGARH  22,Rural,60+,1270678,577529,693149,1880,1212,668,0,0,0,102,82,20,166,76,90,130,86,44,1482,968,514
C3010,22,00,0000,State - CHHATTISGARH  22,Rural,Age not stated,23083,12976,10107,143,87,56,0,0,0,50,39,11,16,4,12,17,5,12,60,39,21
C3010,22,00,0000,State - CHHATTISGARH  22,Urban,All ages,4185747,2166775,2018972,1139746,613826,525920,1009827,536577,473250,115048,67800,47248,9666,6756,2910,2741,1834,907,2464,859,1605
C3010,22,00,0000,State - CHHATTISGARH  22,Urban,0-4,410199,211326,198873,15982,8501,7481,15982,8501,7481,0,0,0,0,0,0,0,0,0,0,0,0
C3010,22,00,0000,State - CHHATTISGARH  22,Urban,5,94785,49824,44961,24141,13032,11109,24141,13032,11109,0,0,0,0,0,0,0,0,0,0,0,0
C3010,22,00,0000,State - CHHATTISGARH  22,Urban,6,85952,43763,42189,42563,22057,20506,42563,22057,20506,0,0,0,0,0,0,0,0,0,0,0,0
C3010,22,00,0000,State - CHHATTISGARH  22,Urban,7,88873,45267,43606,73952,38209,35743,73952,38209,35743,0,0,0,0,0,0,0,0,0,0,0,0
C3010,22,00,0000,State - CHHATTISGARH  22,Urban,8,105329,54556,50773,93831,49297,44534,93831,49297,44534,0,0,0,0,0,0,0,0,0,0,0,0
C3010,22,00,0000,State - CHHATTISGARH  22,Urban,9,83209,41755,41454,77005,39007,37998,77005,39007,37998,0,0,0,0,0,0,0,0,0,0,0,0
C3010,22,00,0000,State - CHHATTISGARH  22,Urban,10,121897,62993,58904,109812,57532,52280,109812,57532,52280,0,0,0,0,0,0,0,0,0,0,0,0
C3010,22,00,0000,State - CHHATTISGARH  22,Urban,11,86287,44486,41801,79655,41496,38159,79655,41496,38159,0,0,0,0,0,0,0,0,0,0,0,0
C3010,22,00,0000,State - CHHATTISGARH  22,Urban,12,113937,58921,55016,98711,52036,46675,98711,52036,46675,0,0,0,0,0,0,0,0,0,0,0,0
C3010,22,00,0000,State - CHHATTISGARH  22,Urban,13,88979,44261,44718,75999,38720,37279,75999,38720,37279,0,0,0,0,0,0,0,0,0,0,0,0
C3010,22,00,0000,State - CHHATTISGARH  22,Urban,14,93754,47671,46083,74537,39026,35511,74537,39026,35511,0,0,0,0,0,0,0,0,0,0,0,0
C3010,22,00,0000,State - CHHATTISGARH  22,Urban,15-19,444309,235083,209226,261200,143145,118055,224518,124636,99882,32486,15823,16663,3079,1980,1099,1038,681,357,79,25,54
C3010,22,00,0000,State - CHHATTISGARH  22,Urban,20-24,402948,211314,191634,95606,60233,35373,19121,13028,6093,71252,43589,27663,4147,2948,1199,842,581,261,244,87,157
C3010,22,00,0000,State - CHHATTISGARH  22,Urban,25-29,371677,187286,184391,11640,8654,2986,0,0,0,8951,6783,2168,1753,1368,385,544,383,161,392,120,272
C3010,22,00,0000,State - CHHATTISGARH  22,Urban,30-34,338032,173265,164767,2119,1344,775,0,0,0,1140,816,324,298,227,71,146,89,57,535,212,323
C3010,22,00,0000,State - CHHATTISGARH  22,Urban,35-59,1016876,540082,476794,2428,1240,1188,0,0,0,886,614,272,305,190,115,138,82,56,1099,354,745
C3010,22,00,0000,State - CHHATTISGARH  22,Urban,60+,233705,112156,121549,405,235,170,0,0,0,200,126,74,64,33,31,31,17,14,110,59,51
C3010,22,00,0000,State - CHHATTISGARH  22,Urban,Age not stated,4999,2766,2233,160,62,98,0,0,0,133,49,84,20,10,10,2,1,1,5,2,3
C3010,23,00,0000,State - MADHYA PRADESH  23,Total,All ages,60348023,31443652,28904371,13750049,7975597,5774452,12801130,7424775,5376355,589147,392429,196718,40538,28524,12014,24316,17550,6766,294918,112319,182599
C3010,23,00,0000,State - MADHYA PRADESH  23,Total,0-4,7368736,3801712,3567024,133256,70179,63077,133256,70179,63077,0,0,0,0,0,0,0,0,0,0,0,0
C3010,23,00,0000,State - MADHYA PRADESH  23,Total,5,1700214,898393,801821,211475,116535,94940,211475,116535,94940,0,0,0,0,0,0,0,0,0,0,0,0
C3010,23,00,0000,State - MADHYA PRADESH  23,Total,6,1713264,879742,833522,616389,334188,282201,616389,334188,282201,0,0,0,0,0,0,0,0,0,0,0,0
C3010,23,00,0000,State - MADHYA PRADESH  23,Total,7,1385697,710779,674918,977522,524921,452601,977522,524921,452601,0,0,0,0,0,0,0,0,0,0,0,0
C3010,23,00,0000,State - MADHYA PRADESH  23,Total,8,2002398,1037498,964900,1509388,821154,688234,1509388,821154,688234,0,0,0,0,0,0,0,0,0,0,0,0
C3010,23,00,0000,State - MADHYA PRADESH  23,Total,9,1313098,672018,641080,1104430,587152,517278,1104430,587152,517278,0,0,0,0,0,0,0,0,0,0,0,0
C3010,23,00,0000,State - MADHYA PRADESH  23,Total,10,2160767,1137640,1023127,1702711,946538,756173,1702711,946538,756173,0,0,0,0,0,0,0,0,0,0,0,0
C3010,23,00,0000,State - MADHYA PRADESH  23,Total,11,1124728,600693,524035,962294,537171,425123,962294,537171,425123,0,0,0,0,0,0,0,0,0,0,0,0
C3010,23,00,0000,State - MADHYA PRADESH  23,Total,12,1921483,1029501,891982,1424289,827206,597083,1424289,827206,597083,0,0,0,0,0,0,0,0,0,0,0,0
C3010,23,00,0000,State - MADHYA PRADESH  23,Total,13,1182292,618571,563721,871900,501426,370474,871900,501426,370474,0,0,0,0,0,0,0,0,0,0,0,0
C3010,23,00,0000,State - MADHYA PRADESH  23,Total,14,1379739,737389,642350,894696,542171,352525,894696,542171,352525,0,0,0,0,0,0,0,0,0,0,0,0
C3010,23,00,0000,State - MADHYA PRADESH  23,Total,15-19,5690617,3155715,2534902,2361745,1551121,810624,2163518,1437984,725534,162977,92031,70946,12208,8198,4010,10736,7874,2862,12306,5034,7272
C3010,23,00,0000,State - MADHYA PRADESH  23,Total,20-24,5168016,2693698,2474318,654714,457420,197294,229262,178150,51112,361914,249540,112374,13945,10482,3463,6186,4555,1631,43407,14693,28714
C3010,23,00,0000,State - MADHYA PRADESH  23,Total,25-29,4664502,2364315,2300187,114142,66489,47653,0,0,0,47509,38557,8952,7587,5816,1771,3641,2681,960,55405,19435,35970
C3010,23,00,0000,State - MADHYA PRADESH  23,Total,30-34,4348461,2189149,2159312,71166,28971,42195,0,0,0,7715,5772,1943,2037,1307,730,1319,874,445,60095,21018,39077
C3010,23,00,0000,State - MADHYA PRADESH  23,Total,35-59,12783564,6738934,6044630,129802,57041,72761,0,0,0,6734,4925,1809,3572,2089,1483,1844,1191,653,117652,48836,68816
C3010,23,00,0000,State - MADHYA PRADESH  23,Total,60+,4280924,2091793,2189131,8311,4848,3463,0,0,0,1259,935,324,1004,485,519,467,300,167,5581,3128,2453
C3010,23,00,0000,State - MADHYA PRADESH  23,Total,Age not stated,159523,86112,73411,1819,1066,753,0,0,0,1039,669,370,185,147,38,123,75,48,472,175,297
C3010,23,00,0000,State - MADHYA PRADESH  23,Rural,All ages,44380878,23031093,21349785,9283489,5509589,3773900,8802039,5244148,3557891,168578,138202,30376,11419,7813,3606,11530,8795,2735,289923,110631,179292
C3010,23,00,0000,State - MADHYA PRADESH  23,Rural,0-4,5776585,2969769,2806816,55719,29509,26210,55719,29509,26210,0,0,0,0,0,0,0,0,0,0,0,0
C3010,23,00,0000,State - MADHYA PRADESH  23,Rural,5,1320586,694602,625984,99361,55579,43782,99361,55579,43782,0,0,0,0,0,0,0,0,0,0,0,0
C3010,23,00,0000,State - MADHYA PRADESH  23,Rural,6,1346573,689355,657218,440226,241581,198645,440226,241581,198645,0,0,0,0,0,0,0,0,0,0,0,0
C3010,23,00,0000,State - MADHYA PRADESH  23,Rural,7,1036836,530982,505854,691918,375801,316117,691918,375801,316117,0,0,0,0,0,0,0,0,0,0,0,0
C3010,23,00,0000,State - MADHYA PRADESH  23,Rural,8,1539336,794025,745311,1112563,609434,503129,1112563,609434,503129,0,0,0,0,0,0,0,0,0,0,0,0
C3010,23,00,0000,State - MADHYA PRADESH  23,Rural,9,1006527,513848,492679,826641,442361,384280,826641,442361,384280,0,0,0,0,0,0,0,0,0,0,0,0
C3010,23,00,0000,State - MADHYA PRADESH  23,Rural,10,1654420,866663,787757,1259325,706048,553277,1259325,706048,553277,0,0,0,0,0,0,0,0,0,0,0,0
C3010,23,00,0000,State - MADHYA PRADESH  23,Rural,11,819818,439515,380303,683608,388317,295291,683608,388317,295291,0,0,0,0,0,0,0,0,0,0,0,0
C3010,23,00,0000,State - MADHYA PRADESH  23,Rural,12,1447681,773828,673853,1018228,604907,413321,1018228,604907,413321,0,0,0,0,0,0,0,0,0,0,0,0
C3010,23,00,0000,State - MADHYA PRADESH  23,Rural,13,852990,450224,402766,590567,355050,235517,590567,355050,235517,0,0,0,0,0,0,0,0,0,0,0,0
C3010,23,00,0000,State - MADHYA PRADESH  23,Rural,14,1008925,543119,465806,599147,383618,215529,599147,383618,215529,0,0,0,0,0,0,0,0,0,0,0,0
C3010,23,00,0000,State - MADHYA PRADESH  23,Rural,15-19,3975497,2217629,1757868,1343646,975129,368517,1281820,933754,348066,41506,30045,11461,2616,1923,693,5668,4488,1180,12036,4919,7117
C3010,23,00,0000,State - MADHYA PRADESH  23,Rural,20-24,3633948,1862686,1771262,296197,225237,70960,142916,118189,24727,104676,87951,16725,3122,2468,654,2732,2192,540,42751,14437,28314
C3010,23,00,0000,State - MADHYA PRADESH  23,Rural,25-29,3338674,1689802,1648872,74890,37137,37753,0,0,0,17169,15635,1534,1897,1396,501,1180,911,269,54644,19195,35449
C3010,23,00,0000,State - MADHYA PRADESH  23,Rural,30-34,3133954,1567973,1565981,63504,24052,39452,0,0,0,2844,2490,354,897,506,391,494,294,200,59269,20762,38507
C3010,23,00,0000,State - MADHYA PRADESH  23,Rural,35-59,9106237,4764071,4342166,120561,51605,68956,0,0,0,1878,1647,231,2139,1173,966,1023,633,390,115521,48152,67369
C3010,23,00,0000,State - MADHYA PRADESH  23,Rural,60+,3265185,1600055,1665130,6582,3791,2791,0,0,0,290,254,36,697,311,386,360,232,128,5235,2994,2241
C3010,23,00,0000,State - MADHYA PRADESH  23,Rural,Age not stated,117106,62947,54159,806,433,373,0,0,0,215,180,35,51,36,15,73,45,28,467,172,295
C3010,23,00,0000,State - MADHYA PRADESH  23,Urban,All ages,15967145,8412559,7554586,4466560,2466008,2000552,3999091,2180627,1818464,420569,254227,166342,29119,20711,8408,12786,8755,4031,4995,1688,3307
C3010,23,00,0000,State - MADHYA PRADESH  23,Urban,0-4,1592151,831943,760208,77537,40670,36867,77537,40670,36867,0,0,0,0,0,0,0,0,0,0,0,0
C3010,23,00,0000,State - MADHYA PRADESH  23,Urban,5,379628,203791,175837,112114,60956,51158,112114,60956,51158,0,0,0,0,0,0,0,0,0,0,0,0
C3010,23,00,0000,State - MADHYA PRADESH  23,Urban,6,366691,190387,176304,176163,92607,83556,176163,92607,83556,0,0,0,0,0,0,0,0,0,0,0,0
C3010,23,00,0000,State - MADHYA PRADESH  23,Urban,7,348861,179797,169064,285604,149120,136484,285604,149120,136484,0,0,0,0,0,0,0,0,0,0,0,0
C3010,23,00,0000,State - MADHYA PRADESH  23,Urban,8,463062,243473,219589,396825,211720,185105,396825,211720,185105,0,0,0,0,0,0,0,0,0,0,0,0
C3010,23,00,0000,State - MADHYA PRADESH  23,Urban,9,306571,158170,148401,277789,144791,132998,277789,144791,132998,0,0,0,0,0,0,0,0,0,0,0,0
C3010,23,00,0000,State - MADHYA PRADESH  23,Urban,10,506347,270977,235370,443386,240490,202896,443386,240490,202896,0,0,0,0,0,0,0,0,0,0,0,0
C3010,23,00,0000,State - MADHYA PRADESH  23,Urban,11,304910,161178,143732,278686,148854,129832,278686,148854,129832,0,0,0,0,0,0,0,0,0,0,0,0
C3010,23,00,0000,State - MADHYA PRADESH  23,Urban,12,473802,255673,218129,406061,222299,183762,406061,222299,183762,0,0,0,0,0,0,0,0,0,0,0,0
C3010,23,00,0000,State - MADHYA PRADESH  23,Urban,13,329302,168347,160955,281333,146376,134957,281333,146376,134957,0,0,0,0,0,0,0,0,0,0,0,0
C3010,23,00,0000,State - MADHYA PRADESH  23,Urban,14,370814,194270,176544,295549,158553,136996,295549,158553,136996,0,0,0,0,0,0,0,0,0,0,0,0
C3010,23,00,0000,State - MADHYA PRADESH  23,Urban,15-19,1715120,938086,777034,1018099,575992,442107,881698,504230,377468,121471,61986,59485,9592,6275,3317,5068,3386,1682,270,115,155
C3010,23,00,0000,State - MADHYA PRADESH  23,Urban,20-24,1534068,831012,703056,358517,232183,126334,86346,59961,26385,257238,161589,95649,10823,8014,2809,3454,2363,1091,656,256,400
C3010,23,00,0000,State - MADHYA PRADESH  23,Urban,25-29,1325828,674513,651315,39252,29352,9900,0,0,0,30340,22922,7418,5690,4420,1270,2461,1770,691,761,240,521
C3010,23,00,0000,State - MADHYA PRADESH  23,Urban,30-34,1214507,621176,593331,7662,4919,2743,0,0,0,4871,3282,1589,1140,801,339,825,580,245,826,256,570
C3010,23,00,0000,State - MADHYA PRADESH  23,Urban,35-59,3677327,1974863,1702464,9241,5436,3805,0,0,0,4856,3278,1578,1433,916,517,821,558,263,2131,684,1447
C3010,23,00,0000,State - MADHYA PRADESH  23,Urban,60+,1015739,491738,524001,1729,1057,672,0,0,0,969,681,288,307,174,133,107,68,39,346,134,212
C3010,23,00,0000,State - MADHYA PRADESH  23,Urban,Age not stated,42417,23165,19252,1013,633,380,0,0,0,824,489,335,134,111,23,50,30,20,5,3,2
C3010,24,00,0000,State - GUJARAT  24,Total,All ages,50671017,26385577,24285440,10552630,6023058,4529572,9894834,5608846,4285988,549515,334256,215259,71289,53704,17585,28405,22147,6258,8587,4105,4482
C3010,24,00,0000,State - GUJARAT  24,Total,0-4,5268670,2789888,2478782,83984,45994,37990,83984,45994,37990,0,0,0,0,0,0,0,0,0,0,0,0
C3010,24,00,0000,State - GUJARAT  24,Total,5,1210512,654970,555542,203090,114398,88692,203090,114398,88692,0,0,0,0,0,0,0,0,0,0,0,0
C3010,24,00,0000,State - GUJARAT  24,Total,6,1053222,555290,497932,514970,283150,231820,514970,283150,231820,0,0,0,0,0,0,0,0,0,0,0,0
C3010,24,00,0000,State - GUJARAT  24,Total,7,1117785,586369,531416,875099,475526,399573,875099,475526,399573,0,0,0,0,0,0,0,0,0,0,0,0
C3010,24,00,0000,State - GUJARAT  24,Total,8,1308013,690157,617856,1072747,587579,485168,1072747,587579,485168,0,0,0,0,0,0,0,0,0,0,0,0
C3010,24,00,0000,State - GUJARAT  24,Total,9,992490,523492,468998,865480,470932,394548,865480,470932,394548,0,0,0,0,0,0,0,0,0,0,0,0
C3010,24,00,0000,State - GUJARAT  24,Total,10,1422251,757412,664839,1155697,645076,510621,1155697,645076,510621,0,0,0,0,0,0,0,0,0,0,0,0
C3010,24,00,0000,State - GUJARAT  24,Total,11,925983,500096,425887,805300,451338,353962,805300,451338,353962,0,0,0,0,0,0,0,0,0,0,0,0
C3010,24,00,0000,State - GUJARAT  24,Total,12,1291981,688434,603547,993594,565695,427899,993594,565695,427899,0,0,0,0,0,0,0,0,0,0,0,0
C3010,24,00,0000,State - GUJARAT  24,Total,13,973749,512713,461036,736800,420785,316015,736800,420785,316015,0,0,0,0,0,0,0,0,0,0,0,0
C3010,24,00,0000,State - GUJARAT  24,Total,14,1059512,555767,503745,699793,408973,290820,699793,408973,290820,0,0,0,0,0,0,0,0,0,0,0,0
C3010,24,00,0000,State - GUJARAT  24,Total,15-19,5183754,2756478,2427276,2009272,1201810,807462,1763665,1055849,707816,201631,112020,89611,31971,25092,6879,11650,8668,2982,355,181,174
C3010,24,00,0000,State - GUJARAT  24,Total,20-24,4839265,2538544,2300721,458665,296903,161762,124615,83551,41064,312450,196874,115576,16023,12357,3666,4459,3623,836,1118,498,620
C3010,24,00,0000,State - GUJARAT  24,Total,25-29,4224871,2182059,2042812,38557,28129,10428,0,0,0,25537,18715,6822,8570,6386,2184,3072,2385,687,1378,643,735
C3010,24,00,0000,State - GUJARAT  24,Total,30-34,3985565,2027533,1958032,11753,7886,3867,0,0,0,4314,2915,1399,3888,2643,1245,2126,1680,446,1425,648,777
C3010,24,00,0000,State - GUJARAT  24,Total,35-59,12267094,6411161,5855933,24405,16788,7617,0,0,0,4554,3088,1466,9818,6669,3149,6381,5248,1133,3652,1783,1869
C3010,24,00,0000,State - GUJARAT  24,Total,60+,3499063,1628474,1870589,2667,1675,992,0,0,0,693,461,232,723,420,303,605,451,154,646,343,303
C3010,24,00,0000,State - GUJARAT  24,Total,Age not stated,47237,26740,20497,757,421,336,0,0,0,336,183,153,296,137,159,112,92,20,13,9,4
C3010,24,00,0000,State - GUJARAT  24,Rural,All ages,31740767,16317771,15422996,6195212,3599363,2595849,5953105,3432452,2520653,186870,125480,61390,32898,26535,6363,15231,11596,3635,7108,3300,3808
C3010,24,00,0000,State - GUJARAT  24,Rural,0-4,3576413,1871793,1704620,28557,15308,13249,28557,15308,13249,0,0,0,0,0,0,0,0,0,0,0,0
C3010,24,00,0000,State - GUJARAT  24,Rural,5,795670,424574,371096,111905,62825,49080,111905,62825,49080,0,0,0,0,0,0,0,0,0,0,0,0
C3010,24,00,0000,State - GUJARAT  24,Rural,6,713858,372160,341698,347828,191619,156209,347828,191619,156209,0,0,0,0,0,0,0,0,0,0,0,0
C3010,24,00,0000,State - GUJARAT  24,Rural,7,733677,381294,352383,557771,303056,254715,557771,303056,254715,0,0,0,0,0,0,0,0,0,0,0,0
C3010,24,00,0000,State - GUJARAT  24,Rural,8,874011,455600,418411,696913,381216,315697,696913,381216,315697,0,0,0,0,0,0,0,0,0,0,0,0
C3010,24,00,0000,State - GUJARAT  24,Rural,9,674040,353852,320188,577430,315476,261954,577430,315476,261954,0,0,0,0,0,0,0,0,0,0,0,0
C3010,24,00,0000,State - GUJARAT  24,Rural,10,920940,485960,434980,719921,405045,314876,719921,405045,314876,0,0,0,0,0,0,0,0,0,0,0,0
C3010,24,00,0000,State - GUJARAT  24,Rural,11,591646,320175,271471,501706,285842,215864,501706,285842,215864,0,0,0,0,0,0,0,0,0,0,0,0
C3010,24,00,0000,State - GUJARAT  24,Rural,12,828174,437621,390553,602738,349257,253481,602738,349257,253481,0,0,0,0,0,0,0,0,0,0,0,0
C3010,24,00,0000,State - GUJARAT  24,Rural,13,614042,324779,289263,435700,258276,177424,435700,258276,177424,0,0,0,0,0,0,0,0,0,0,0,0
C3010,24,00,0000,State - GUJARAT  24,Rural,14,668978,350711,318267,402627,245988,156639,402627,245988,156639,0,0,0,0,0,0,0,0,0,0,0,0
C3010,24,00,0000,State - GUJARAT  24,Rural,15-19,3152829,1644102,1508727,1000599,636015,364584,906832,573622,333210,69798,43116,26682,15488,13162,2326,8199,5981,2218,282,134,148
C3010,24,00,0000,State - GUJARAT  24,Rural,20-24,2871801,1470791,1401010,178078,125281,52797,63177,44922,18255,104645,72280,32365,6947,5712,1235,2366,1963,403,943,404,539
C3010,24,00,0000,State - GUJARAT  24,Rural,25-29,2511297,1287160,1224137,15434,11978,3456,0,0,0,9341,7617,1724,3719,2905,814,1205,928,277,1169,528,641
C3010,24,00,0000,State - GUJARAT  24,Rural,30-34,2406237,1204983,1201254,5496,3748,1748,0,0,0,1569,1246,323,1826,1295,531,885,667,218,1216,540,676
C3010,24,00,0000,State - GUJARAT  24,Rural,35-59,7463028,3845325,3617703,11004,7507,3497,0,0,0,1286,1056,230,4440,3179,1261,2282,1848,434,2996,1424,1572
C3010,24,00,0000,State - GUJARAT  24,Rural,60+,2318951,1072260,1246691,1179,690,489,0,0,0,143,104,39,325,177,148,217,143,74,494,266,228
C3010,24,00,0000,State - GUJARAT  24,Rural,Age not stated,25175,14631,10544,326,236,90,0,0,0,88,61,27,153,105,48,77,66,11,8,4,4
C3010,24,00,0000,State - GUJARAT  24,Urban,All ages,18930250,10067806,8862444,4357418,2423695,1933723,3941729,2176394,1765335,362645,208776,153869,38391,27169,11222,13174,10551,2623,1479,805,674
C3010,24,00,0000,State - GUJARAT  24,Urban,0-4,1692257,918095,774162,55427,30686,24741,55427,30686,24741,0,0,0,0,0,0,0,0,0,0,0,0
C3010,24,00,0000,State - GUJARAT  24,Urban,5,414842,230396,184446,91185,51573,39612,91185,51573,39612,0,0,0,0,0,0,0,0,0,0,0,0
C3010,24,00,0000,State - GUJARAT  24,Urban,6,339364,183130,156234,167142,91531,75611,167142,91531,75611,0,0,0,0,0,0,0,0,0,0,0,0
C3010,24,00,0000,State - GUJARAT  24,Urban,7,384108,205075,179033,317328,172470,144858,317328,172470,144858,0,0,0,0,0,0,0,0,0,0,0,0
C3010,24,00,0000,State - GUJARAT  24,Urban,8,434002,234557,199445,375834,206363,169471,375834,206363,169471,0,0,0,0,0,0,0,0,0,0,0,0
C3010,24,00,0000,State - GUJARAT  24,Urban,9,318450,169640,148810,288050,155456,132594,288050,155456,132594,0,0,0,0,0,0,0,0,0,0,0,0
C3010,24,00,0000,State - GUJARAT  24,Urban,10,501311,271452,229859,435776,240031,195745,435776,240031,195745,0,0,0,0,0,0,0,0,0,0,0,0
C3010,24,00,0000,State - GUJARAT  24,Urban,11,334337,179921,154416,303594,165496,138098,303594,165496,138098,0,0,0,0,0,0,0,0,0,0,0,0
C3010,24,00,0000,State - GUJARAT  24,Urban,12,463807,250813,212994,390856,216438,174418,390856,216438,174418,0,0,0,0,0,0,0,0,0,0,0,0
C3010,24,00,0000,State - GUJARAT  24,Urban,13,359707,187934,171773,301100,162509,138591,301100,162509,138591,0,0,0,0,0,0,0,0,0,0,0,0
C3010,24,00,0000,State - GUJARAT  24,Urban,14,390534,205056,185478,297166,162985,134181,297166,162985,134181,0,0,0,0,0,0,0,0,0,0,0,0
C3010,24,00,0000,State - GUJARAT  24,Urban,15-19,2030925,1112376,918549,1008673,565795,442878,856833,482227,374606,131833,68904,62929,16483,11930,4553,3451,2687,764,73,47,26
C3010,24,00,0000,State - GUJARAT  24,Urban,20-24,1967464,1067753,899711,280587,171622,108965,61438,38629,22809,207805,124594,83211,9076,6645,2431,2093,1660,433,175,94,81
C3010,24,00,0000,State - GUJARAT  24,Urban,25-29,1713574,894899,818675,23123,16151,6972,0,0,0,16196,11098,5098,4851,3481,1370,1867,1457,410,209,115,94
C3010,24,00,0000,State - GUJARAT  24,Urban,30-34,1579328,822550,756778,6257,4138,2119,0,0,0,2745,1669,1076,2062,1348,714,1241,1013,228,209,108,101
C3010,24,00,0000,State - GUJARAT  24,Urban,35-59,4804066,2565836,2238230,13401,9281,4120,0,0,0,3268,2032,1236,5378,3490,1888,4099,3400,699,656,359,297
C3010,24,00,0000,State - GUJARAT  24,Urban,60+,1180112,556214,623898,1488,985,503,0,0,0,550,357,193,398,243,155,388,308,80,152,77,75
C3010,24,00,0000,State - GUJARAT  24,Urban,Age not stated,22062,12109,9953,431,185,246,0,0,0,248,122,126,143,32,111,35,26,9,5,5,0
C3010,25,00,0000,State - DAMAN & DIU  25,Total,All ages,158204,92512,65692,30511,16752,13759,28911,15669,13242,1162,751,411,316,239,77,119,91,28,3,2,1
C3010,25,00,0000,State - DAMAN & DIU  25,Total,0-4,14957,7777,7180,664,343,321,664,343,321,0,0,0,0,0,0,0,0,0,0,0,0
C3010,25,00,0000,State - DAMAN & DIU  25,Total,5,3064,1569,1495,1012,524,488,1012,524,488,0,0,0,0,0,0,0,0,0,0,0,0
C3010,25,00,0000,State - DAMAN & DIU  25,Total,6,2557,1339,1218,1649,877,772,1649,877,772,0,0,0,0,0,0,0,0,0,0,0,0
C3010,25,00,0000,State - DAMAN & DIU  25,Total,7,2972,1541,1431,2666,1394,1272,2666,1394,1272,0,0,0,0,0,0,0,0,0,0,0,0
C3010,25,00,0000,State - DAMAN & DIU  25,Total,8,3130,1620,1510,2865,1493,1372,2865,1493,1372,0,0,0,0,0,0,0,0,0,0,0,0
C3010,25,00,0000,State - DAMAN & DIU  25,Total,9,2538,1307,1231,2389,1244,1145,2389,1244,1145,0,0,0,0,0,0,0,0,0,0,0,0
C3010,25,00,0000,State - DAMAN & DIU  25,Total,10,3335,1750,1585,3036,1610,1426,3036,1610,1426,0,0,0,0,0,0,0,0,0,0,0,0
C3010,25,00,0000,State - DAMAN & DIU  25,Total,11,2549,1326,1223,2380,1249,1131,2380,1249,1131,0,0,0,0,0,0,0,0,0,0,0,0
C3010,25,00,0000,State - DAMAN & DIU  25,Total,12,3058,1657,1401,2664,1453,1211,2664,1453,1211,0,0,0,0,0,0,0,0,0,0,0,0
C3010,25,00,0000,State - DAMAN & DIU  25,Total,13,2445,1268,1177,2135,1139,996,2135,1139,996,0,0,0,0,0,0,0,0,0,0,0,0
C3010,25,00,0000,State - DAMAN & DIU  25,Total,14,2589,1340,1249,1962,1054,908,1962,1054,908,0,0,0,0,0,0,0,0,0,0,0,0
C3010,25,00,0000,State - DAMAN & DIU  25,Total,15-19,17679,11117,6562,5733,3408,2325,5058,2963,2095,462,276,186,192,152,40,21,17,4,0,0,0
C3010,25,00,0000,State - DAMAN & DIU  25,Total,20-24,24834,17610,7224,1131,803,328,431,326,105,622,416,206,64,52,12,14,9,5,0,0,0
C3010,25,00,0000,State - DAMAN & DIU  25,Total,25-29,19974,12969,7005,108,77,31,0,0,0,61,48,13,29,17,12,18,12,6,0,0,0
C3010,25,00,0000,State - DAMAN & DIU  25,Total,30-34,13437,8288,5149,36,26,10,0,0,0,6,4,2,12,8,4,17,13,4,1,1,0
C3010,25,00,0000,State - DAMAN & DIU  25,Total,35-59,30973,16667,14306,72,53,19,0,0,0,8,5,3,18,10,8,44,37,7,2,1,1
C3010,25,00,0000,State - DAMAN & DIU  25,Total,60+,8042,3322,4720,8,4,4,0,0,0,2,1,1,1,0,1,5,3,2,0,0,0
C3010,25,00,0000,State - DAMAN & DIU  25,Total,Age not stated,71,45,26,1,1,0,0,0,0,1,1,0,0,0,0,0,0,0,0,0,0
C3010,25,00,0000,State - DAMAN & DIU  25,Rural,All ages,100856,63606,37250,17491,9632,7859,16926,9217,7709,451,330,121,95,70,25,16,13,3,3,2,1
C3010,25,00,0000,State - DAMAN & DIU  25,Rural,0-4,9788,5124,4664,349,186,163,349,186,163,0,0,0,0,0,0,0,0,0,0,0,0
C3010,25,00,0000,State - DAMAN & DIU  25,Rural,5,1888,961,927,549,285,264,549,285,264,0,0,0,0,0,0,0,0,0,0,0,0
C3010,25,00,0000,State - DAMAN & DIU  25,Rural,6,1560,822,738,973,524,449,973,524,449,0,0,0,0,0,0,0,0,0,0,0,0
C3010,25,00,0000,State - DAMAN & DIU  25,Rural,7,1907,993,914,1694,892,802,1694,892,802,0,0,0,0,0,0,0,0,0,0,0,0
C3010,25,00,0000,State - DAMAN & DIU  25,Rural,8,1899,986,913,1714,898,816,1714,898,816,0,0,0,0,0,0,0,0,0,0,0,0
C3010,25,00,0000,State - DAMAN & DIU  25,Rural,9,1602,810,792,1494,766,728,1494,766,728,0,0,0,0,0,0,0,0,0,0,0,0
C3010,25,00,0000,State - DAMAN & DIU  25,Rural,10,2030,1033,997,1818,934,884,1818,934,884,0,0,0,0,0,0,0,0,0,0,0,0
C3010,25,00,0000,State - DAMAN & DIU  25,Rural,11,1635,868,767,1509,806,703,1509,806,703,0,0,0,0,0,0,0,0,0,0,0,0
C3010,25,00,0000,State - DAMAN & DIU  25,Rural,12,1890,1028,862,1604,876,728,1604,876,728,0,0,0,0,0,0,0,0,0,0,0,0
C3010,25,00,0000,State - DAMAN & DIU  25,Rural,13,1530,814,716,1293,711,582,1293,711,582,0,0,0,0,0,0,0,0,0,0,0,0
C3010,25,00,0000,State - DAMAN & DIU  25,Rural,14,1548,851,697,1092,625,467,1092,625,467,0,0,0,0,0,0,0,0,0,0,0,0
C3010,25,00,0000,State - DAMAN & DIU  25,Rural,15-19,11856,8138,3718,2850,1716,1134,2611,1541,1070,175,123,52,55,45,10,9,7,2,0,0,0
C3010,25,00,0000,State - DAMAN & DIU  25,Rural,20-24,18432,14233,4199,494,371,123,226,173,53,246,181,65,20,15,5,2,2,0,0,0,0
C3010,25,00,0000,State - DAMAN & DIU  25,Rural,25-29,13635,9647,3988,36,28,8,0,0,0,24,20,4,10,6,4,2,2,0,0,0,0
C3010,25,00,0000,State - DAMAN & DIU  25,Rural,30-34,8449,5583,2866,5,4,1,0,0,0,2,2,0,2,1,1,0,0,0,1,1,0
C3010,25,00,0000,State - DAMAN & DIU  25,Rural,35-59,17384,10053,7331,14,8,6,0,0,0,3,3,0,8,3,5,1,1,0,2,1,1
C3010,25,00,0000,State - DAMAN & DIU  25,Rural,60+,3770,1629,2141,2,1,1,0,0,0,0,0,0,0,0,0,2,1,1,0,0,0
C3010,25,00,0000,State - DAMAN & DIU  25,Rural,Age not stated,53,33,20,1,1,0,0,0,0,1,1,0,0,0,0,0,0,0,0,0,0
C3010,25,00,0000,State - DAMAN & DIU  25,Urban,All ages,57348,28906,28442,13020,7120,5900,11985,6452,5533,711,421,290,221,169,52,103,78,25,0,0,0
C3010,25,00,0000,State - DAMAN & DIU  25,Urban,0-4,5169,2653,2516,315,157,158,315,157,158,0,0,0,0,0,0,0,0,0,0,0,0
C3010,25,00,0000,State - DAMAN & DIU  25,Urban,5,1176,608,568,463,239,224,463,239,224,0,0,0,0,0,0,0,0,0,0,0,0
C3010,25,00,0000,State - DAMAN & DIU  25,Urban,6,997,517,480,676,353,323,676,353,323,0,0,0,0,0,0,0,0,0,0,0,0
C3010,25,00,0000,State - DAMAN & DIU  25,Urban,7,1065,548,517,972,502,470,972,502,470,0,0,0,0,0,0,0,0,0,0,0,0
C3010,25,00,0000,State - DAMAN & DIU  25,Urban,8,1231,634,597,1151,595,556,1151,595,556,0,0,0,0,0,0,0,0,0,0,0,0
C3010,25,00,0000,State - DAMAN & DIU  25,Urban,9,936,497,439,895,478,417,895,478,417,0,0,0,0,0,0,0,0,0,0,0,0
C3010,25,00,0000,State - DAMAN & DIU  25,Urban,10,1305,717,588,1218,676,542,1218,676,542,0,0,0,0,0,0,0,0,0,0,0,0
C3010,25,00,0000,State - DAMAN & DIU  25,Urban,11,914,458,456,871,443,428,871,443,428,0,0,0,0,0,0,0,0,0,0,0,0
C3010,25,00,0000,State - DAMAN & DIU  25,Urban,12,1168,629,539,1060,577,483,1060,577,483,0,0,0,0,0,0,0,0,0,0,0,0
C3010,25,00,0000,State - DAMAN & DIU  25,Urban,13,915,454,461,842,428,414,842,428,414,0,0,0,0,0,0,0,0,0,0,0,0
C3010,25,00,0000,State - DAMAN & DIU  25,Urban,14,1041,489,552,870,429,441,870,429,441,0,0,0,0,0,0,0,0,0,0,0,0
C3010,25,00,0000,State - DAMAN & DIU  25,Urban,15-19,5823,2979,2844,2883,1692,1191,2447,1422,1025,287,153,134,137,107,30,12,10,2,0,0,0
C3010,25,00,0000,State - DAMAN & DIU  25,Urban,20-24,6402,3377,3025,637,432,205,205,153,52,376,235,141,44,37,7,12,7,5,0,0,0
C3010,25,00,0000,State - DAMAN & DIU  25,Urban,25-29,6339,3322,3017,72,49,23,0,0,0,37,28,9,19,11,8,16,10,6,0,0,0
C3010,25,00,0000,State - DAMAN & DIU  25,Urban,30-34,4988,2705,2283,31,22,9,0,0,0,4,2,2,10,7,3,17,13,4,0,0,0
C3010,25,00,0000,State - DAMAN & DIU  25,Urban,35-59,13589,6614,6975,58,45,13,0,0,0,5,2,3,10,7,3,43,36,7,0,0,0
C3010,25,00,0000,State - DAMAN & DIU  25,Urban,60+,4272,1693,2579,6,3,3,0,0,0,2,1,1,1,0,1,3,2,1,0,0,0
C3010,25,00,0000,State - DAMAN & DIU  25,Urban,Age not stated,18,12,6,0,0,0,0,0,0,0,0,0,0,0,0,0,0,0,0,0,0
C3010,26,00,0000,State - DADRA & NAGAR HAVELI  26,Total,All ages,220490,121666,98824,37287,21783,15504,35974,20913,15061,1033,670,363,244,182,62,27,13,14,9,5,4
C3010,26,00,0000,State - DADRA & NAGAR HAVELI  26,Total,0-4,29421,14861,14560,325,182,143,325,182,143,0,0,0,0,0,0,0,0,0,0,0,0
C3010,26,00,0000,State - DADRA & NAGAR HAVELI  26,Total,5,5799,2872,2927,1178,629,549,1178,629,549,0,0,0,0,0,0,0,0,0,0,0,0
C3010,26,00,0000,State - DADRA & NAGAR HAVELI  26,Total,6,4979,2575,2404,2455,1370,1085,2455,1370,1085,0,0,0,0,0,0,0,0,0,0,0,0
C3010,26,00,0000,State - DADRA & NAGAR HAVELI  26,Total,7,4821,2470,2351,3509,1929,1580,3509,1929,1580,0,0,0,0,0,0,0,0,0,0,0,0
C3010,26,00,0000,State - DADRA & NAGAR HAVELI  26,Total,8,5707,2869,2838,4271,2325,1946,4271,2325,1946,0,0,0,0,0,0,0,0,0,0,0,0
C3010,26,00,0000,State - DADRA & NAGAR HAVELI  26,Total,9,4267,2118,2149,3360,1797,1563,3360,1797,1563,0,0,0,0,0,0,0,0,0,0,0,0
C3010,26,00,0000,State - DADRA & NAGAR HAVELI  26,Total,10,5942,3087,2855,4226,2500,1726,4226,2500,1726,0,0,0,0,0,0,0,0,0,0,0,0
C3010,26,00,0000,State - DADRA & NAGAR HAVELI  26,Total,11,3545,1932,1613,2775,1641,1134,2775,1641,1134,0,0,0,0,0,0,0,0,0,0,0,0
C3010,26,00,0000,State - DADRA & NAGAR HAVELI  26,Total,12,5359,2782,2577,3537,2079,1458,3537,2079,1458,0,0,0,0,0,0,0,0,0,0,0,0
C3010,26,00,0000,State - DADRA & NAGAR HAVELI  26,Total,13,3918,2031,1887,2673,1579,1094,2673,1579,1094,0,0,0,0,0,0,0,0,0,0,0,0
C3010,26,00,0000,State - DADRA & NAGAR HAVELI  26,Total,14,4000,2103,1897,2242,1403,839,2242,1403,839,0,0,0,0,0,0,0,0,0,0,0,0
C3010,26,00,0000,State - DADRA & NAGAR HAVELI  26,Total,15-19,19967,11313,8654,5510,3502,2008,5044,3211,1833,371,223,148,90,66,24,5,2,3,0,0,0
C3010,26,00,0000,State - DADRA & NAGAR HAVELI  26,Total,20-24,27032,16762,10270,1047,716,331,379,268,111,586,392,194,72,51,21,8,4,4,2,1,1
C3010,26,00,0000,State - DADRA & NAGAR HAVELI  26,Total,25-29,25146,15557,9589,120,91,29,0,0,0,62,47,15,46,40,6,9,3,6,3,1,2
C3010,26,00,0000,State - DADRA & NAGAR HAVELI  26,Total,30-34,18006,10441,7565,24,16,8,0,0,0,6,3,3,15,11,4,2,1,1,1,1,0
C3010,26,00,0000,State - DADRA & NAGAR HAVELI  26,Total,35-59,43663,23958,19705,31,20,11,0,0,0,8,5,3,20,13,7,1,1,0,2,1,1
C3010,26,00,0000,State - DADRA & NAGAR HAVELI  26,Total,60+,8814,3882,4932,4,4,0,0,0,0,0,0,0,1,1,0,2,2,0,1,1,0
C3010,26,00,0000,State - DADRA & NAGAR HAVELI  26,Total,Age not stated,104,53,51,0,0,0,0,0,0,0,0,0,0,0,0,0,0,0,0,0,0
C3010,26,00,0000,State - DADRA & NAGAR HAVELI  26,Rural,All ages,170027,91832,78195,27860,16657,11203,27194,16211,10983,498,326,172,143,108,35,20,8,12,5,4,1
C3010,26,00,0000,State - DADRA & NAGAR HAVELI  26,Rural,0-4,23842,11920,11922,190,103,87,190,103,87,0,0,0,0,0,0,0,0,0,0,0,0
C3010,26,00,0000,State - DADRA & NAGAR HAVELI  26,Rural,5,4593,2229,2364,932,502,430,932,502,430,0,0,0,0,0,0,0,0,0,0,0,0
C3010,26,00,0000,State - DADRA & NAGAR HAVELI  26,Rural,6,3985,2039,1946,1963,1089,874,1963,1089,874,0,0,0,0,0,0,0,0,0,0,0,0
C3010,26,00,0000,State - DADRA & NAGAR HAVELI  26,Rural,7,3872,1974,1898,2707,1508,1199,2707,1508,1199,0,0,0,0,0,0,0,0,0,0,0,0
C3010,26,00,0000,State - DADRA & NAGAR HAVELI  26,Rural,8,4648,2336,2312,3317,1838,1479,3317,1838,1479,0,0,0,0,0,0,0,0,0,0,0,0
C3010,26,00,0000,State - DADRA & NAGAR HAVELI  26,Rural,9,3458,1718,1740,2596,1424,1172,2596,1424,1172,0,0,0,0,0,0,0,0,0,0,0,0
C3010,26,00,0000,State - DADRA & NAGAR HAVELI  26,Rural,10,4842,2459,2383,3233,1922,1311,3233,1922,1311,0,0,0,0,0,0,0,0,0,0,0,0
C3010,26,00,0000,State - DADRA & NAGAR HAVELI  26,Rural,11,2861,1554,1307,2133,1287,846,2133,1287,846,0,0,0,0,0,0,0,0,0,0,0,0
C3010,26,00,0000,State - DADRA & NAGAR HAVELI  26,Rural,12,4414,2293,2121,2686,1636,1050,2686,1636,1050,0,0,0,0,0,0,0,0,0,0,0,0
C3010,26,00,0000,State - DADRA & NAGAR HAVELI  26,Rural,13,3168,1656,1512,2011,1245,766,2011,1245,766,0,0,0,0,0,0,0,0,0,0,0,0
C3010,26,00,0000,State - DADRA & NAGAR HAVELI  26,Rural,14,3323,1761,1562,1684,1118,566,1684,1118,566,0,0,0,0,0,0,0,0,0,0,0,0
C3010,26,00,0000,State - DADRA & NAGAR HAVELI  26,Rural,15-19,15581,8552,7029,3709,2489,1220,3490,2354,1136,173,106,67,43,28,15,3,1,2,0,0,0
C3010,26,00,0000,State - DADRA & NAGAR HAVELI  26,Rural,20-24,19799,12081,7718,574,400,174,252,185,67,283,188,95,34,25,9,4,1,3,1,1,0
C3010,26,00,0000,State - DADRA & NAGAR HAVELI  26,Rural,25-29,17500,10798,6702,81,63,18,0,0,0,37,29,8,33,30,3,9,3,6,2,1,1
C3010,26,00,0000,State - DADRA & NAGAR HAVELI  26,Rural,30-34,12761,7158,5603,16,13,3,0,0,0,0,0,0,13,11,2,2,1,1,1,1,0
C3010,26,00,0000,State - DADRA & NAGAR HAVELI  26,Rural,35-59,34017,18140,15877,25,17,8,0,0,0,5,3,2,19,13,6,0,0,0,1,1,0
C3010,26,00,0000,State - DADRA & NAGAR HAVELI  26,Rural,60+,7289,3128,4161,3,3,0,0,0,0,0,0,0,1,1,0,2,2,0,0,0,0
C3010,26,00,0000,State - DADRA & NAGAR HAVELI  26,Rural,Age not stated,74,36,38,0,0,0,0,0,0,0,0,0,0,0,0,0,0,0,0,0,0
C3010,26,00,0000,State - DADRA & NAGAR HAVELI  26,Urban,All ages,50463,29834,20629,9427,5126,4301,8780,4702,4078,535,344,191,101,74,27,7,5,2,4,1,3
C3010,26,00,0000,State - DADRA & NAGAR HAVELI  26,Urban,0-4,5579,2941,2638,135,79,56,135,79,56,0,0,0,0,0,0,0,0,0,0,0,0
C3010,26,00,0000,State - DADRA & NAGAR HAVELI  26,Urban,5,1206,643,563,246,127,119,246,127,119,0,0,0,0,0,0,0,0,0,0,0,0
C3010,26,00,0000,State - DADRA & NAGAR HAVELI  26,Urban,6,994,536,458,492,281,211,492,281,211,0,0,0,0,0,0,0,0,0,0,0,0
C3010,26,00,0000,State - DADRA & NAGAR HAVELI  26,Urban,7,949,496,453,802,421,381,802,421,381,0,0,0,0,0,0,0,0,0,0,0,0
C3010,26,00,0000,State - DADRA & NAGAR HAVELI  26,Urban,8,1059,533,526,954,487,467,954,487,467,0,0,0,0,0,0,0,0,0,0,0,0
C3010,26,00,0000,State - DADRA & NAGAR HAVELI  26,Urban,9,809,400,409,764,373,391,764,373,391,0,0,0,0,0,0,0,0,0,0,0,0
C3010,26,00,0000,State - DADRA & NAGAR HAVELI  26,Urban,10,1100,628,472,993,578,415,993,578,415,0,0,0,0,0,0,0,0,0,0,0,0
C3010,26,00,0000,State - DADRA & NAGAR HAVELI  26,Urban,11,684,378,306,642,354,288,642,354,288,0,0,0,0,0,0,0,0,0,0,0,0
C3010,26,00,0000,State - DADRA & NAGAR HAVELI  26,Urban,12,945,489,456,851,443,408,851,443,408,0,0,0,0,0,0,0,0,0,0,0,0
C3010,26,00,0000,State - DADRA & NAGAR HAVELI  26,Urban,13,750,375,375,662,334,328,662,334,328,0,0,0,0,0,0,0,0,0,0,0,0
C3010,26,00,0000,State - DADRA & NAGAR HAVELI  26,Urban,14,677,342,335,558,285,273,558,285,273,0,0,0,0,0,0,0,0,0,0,0,0
C3010,26,00,0000,State - DADRA & NAGAR HAVELI  26,Urban,15-19,4386,2761,1625,1801,1013,788,1554,857,697,198,117,81,47,38,9,2,1,1,0,0,0
C3010,26,00,0000,State - DADRA & NAGAR HAVELI  26,Urban,20-24,7233,4681,2552,473,316,157,127,83,44,303,204,99,38,26,12,4,3,1,1,0,1
C3010,26,00,0000,State - DADRA & NAGAR HAVELI  26,Urban,25-29,7646,4759,2887,39,28,11,0,0,0,25,18,7,13,10,3,0,0,0,1,0,1
C3010,26,00,0000,State - DADRA & NAGAR HAVELI  26,Urban,30-34,5245,3283,1962,8,3,5,0,0,0,6,3,3,2,0,2,0,0,0,0,0,0
C3010,26,00,0000,State - DADRA & NAGAR HAVELI  26,Urban,35-59,9646,5818,3828,6,3,3,0,0,0,3,2,1,1,0,1,1,1,0,1,0,1
C3010,26,00,0000,State - DADRA & NAGAR HAVELI  26,Urban,60+,1525,754,771,1,1,0,0,0,0,0,0,0,0,0,0,0,0,0,1,1,0
C3010,26,00,0000,State - DADRA & NAGAR HAVELI  26,Urban,Age not stated,30,17,13,0,0,0,0,0,0,0,0,0,0,0,0,0,0,0,0,0,0
C3010,27,00,0000,State - MAHARASHTRA  27,Total,All ages,96878627,50400596,46478031,24438205,13468362,10969843,21973501,11911641,10061860,1963600,1273517,690083,246992,176602,70390,52362,35663,16699,201750,70939,130811
C3010,27,00,0000,State - MAHARASHTRA  27,Total,0-4,9532843,4983885,4548958,313330,163545,149785,313330,163545,149785,0,0,0,0,0,0,0,0,0,0,0,0
C3010,27,00,0000,State - MAHARASHTRA  27,Total,5,2228695,1174869,1053826,422498,222721,199777,422498,222721,199777,0,0,0,0,0,0,0,0,0,0,0,0
C3010,27,00,0000,State - MAHARASHTRA  27,Total,6,1909588,987678,921910,1034580,540075,494505,1034580,540075,494505,0,0,0,0,0,0,0,0,0,0,0,0
C3010,27,00,0000,State - MAHARASHTRA  27,Total,7,1907819,983187,924632,1670898,869391,801507,1670898,869391,801507,0,0,0,0,0,0,0,0,0,0,0,0
C3010,27,00,0000,State - MAHARASHTRA  27,Total,8,2175403,1129590,1045813,1995317,1045354,949963,1995317,1045354,949963,0,0,0,0,0,0,0,0,0,0,0,0
C3010,27,00,0000,State - MAHARASHTRA  27,Total,9,2008585,1027209,981376,1891386,973981,917405,1891386,973981,917405,0,0,0,0,0,0,0,0,0,0,0,0
C3010,27,00,0000,State - MAHARASHTRA  27,Total,10,2647985,1380917,1267068,2425080,1277092,1147988,2425080,1277092,1147988,0,0,0,0,0,0,0,0,0,0,0,0
C3010,27,00,0000,State - MAHARASHTRA  27,Total,11,2058976,1076838,982138,1931897,1020291,911606,1931897,1020291,911606,0,0,0,0,0,0,0,0,0,0,0,0
C3010,27,00,0000,State - MAHARASHTRA  27,Total,12,2563025,1354063,1208962,2264021,1216777,1047244,2264021,1216777,1047244,0,0,0,0,0,0,0,0,0,0,0,0
C3010,27,00,0000,State - MAHARASHTRA  27,Total,13,1998529,1039517,959012,1753694,933376,820318,1753694,933376,820318,0,0,0,0,0,0,0,0,0,0,0,0
C3010,27,00,0000,State - MAHARASHTRA  27,Total,14,2068927,1094582,974345,1682728,921660,761068,1682728,921660,761068,0,0,0,0,0,0,0,0,0,0,0,0
C3010,27,00,0000,State - MAHARASHTRA  27,Total,15-19,9570648,5262931,4307717,5189633,3050080,2139553,4272659,2496624,1776035,778182,460719,317463,104661,72748,31913,23866,16113,7753,10265,3876,6389
C3010,27,00,0000,State - MAHARASHTRA  27,Total,20-24,8856660,4781322,4075338,1478606,1010848,467758,315413,230754,84659,1032715,696813,335902,86176,63533,22643,12307,8545,3762,31995,11203,20792
C3010,27,00,0000,State - MAHARASHTRA  27,Total,25-29,8218364,4187247,4031117,205025,139796,65229,0,0,0,119122,93033,26089,35024,26389,8635,8336,5810,2526,42543,14564,27979
C3010,27,00,0000,State - MAHARASHTRA  27,Total,30-34,7392720,3800551,3592169,76390,35977,40413,0,0,0,16574,11898,4676,8430,5830,2600,3089,2068,1021,48297,16181,32116
C3010,27,00,0000,State - MAHARASHTRA  27,Total,35-59,23167117,12138304,11028813,89758,39775,49983,0,0,0,12924,8389,4535,10278,6760,3518,4036,2689,1347,62520,21937,40583
C3010,27,00,0000,State - MAHARASHTRA  27,Total,60+,8454660,3932201,4522459,11775,6493,5282,0,0,0,3000,1904,1096,2137,1106,1031,636,363,273,6002,3120,2882
C3010,27,00,0000,State - MAHARASHTRA  27,Total,Age not stated,118083,65705,52378,1589,1130,459,0,0,0,1083,761,322,286,236,50,92,75,17,128,58,70
C3010,27,00,0000,State - MAHARASHTRA  27,Rural,All ages,55777647,28458677,27318970,13713504,7624766,6088738,12706327,6950971,5755356,718378,534532,183846,73274,56190,17084,19915,14651,5264,195610,68422,127188
C3010,27,00,0000,State - MAHARASHTRA  27,Rural,0-4,5873107,3068305,2804802,141948,72973,68975,141948,72973,68975,0,0,0,0,0,0,0,0,0,0,0,0
C3010,27,00,0000,State - MAHARASHTRA  27,Rural,5,1378985,723826,655159,179967,94192,85775,179967,94192,85775,0,0,0,0,0,0,0,0,0,0,0,0
C3010,27,00,0000,State - MAHARASHTRA  27,Rural,6,1176736,606952,569784,615925,322729,293196,615925,322729,293196,0,0,0,0,0,0,0,0,0,0,0,0
C3010,27,00,0000,State - MAHARASHTRA  27,Rural,7,1114050,574613,539437,961827,502645,459182,961827,502645,459182,0,0,0,0,0,0,0,0,0,0,0,0
C3010,27,00,0000,State - MAHARASHTRA  27,Rural,8,1289033,663994,625039,1173783,611705,562078,1173783,611705,562078,0,0,0,0,0,0,0,0,0,0,0,0
C3010,27,00,0000,State - MAHARASHTRA  27,Rural,9,1269969,646513,623456,1190569,611725,578844,1190569,611725,578844,0,0,0,0,0,0,0,0,0,0,0,0
C3010,27,00,0000,State - MAHARASHTRA  27,Rural,10,1592903,823955,768948,1443228,757183,686045,1443228,757183,686045,0,0,0,0,0,0,0,0,0,0,0,0
C3010,27,00,0000,State - MAHARASHTRA  27,Rural,11,1276443,666028,610415,1189480,629157,560323,1189480,629157,560323,0,0,0,0,0,0,0,0,0,0,0,0
C3010,27,00,0000,State - MAHARASHTRA  27,Rural,12,1547652,811042,736610,1343509,722611,620898,1343509,722611,620898,0,0,0,0,0,0,0,0,0,0,0,0
C3010,27,00,0000,State - MAHARASHTRA  27,Rural,13,1208889,630127,578762,1040432,560822,479610,1040432,560822,479610,0,0,0,0,0,0,0,0,0,0,0,0
C3010,27,00,0000,State - MAHARASHTRA  27,Rural,14,1244679,660059,584620,982659,549000,433659,982659,549000,433659,0,0,0,0,0,0,0,0,0,0,0,0
C3010,27,00,0000,State - MAHARASHTRA  27,Rural,15-19,5370972,2940496,2430476,2655813,1643184,1012629,2287653,1394662,892991,311531,209821,101710,34687,26345,8342,12103,8709,3394,9839,3647,6192
C3010,27,00,0000,State - MAHARASHTRA  27,Rural,20-24,4574262,2401727,2172535,567011,432392,134619,155347,121567,33780,353267,278326,74941,24077,19294,4783,3140,2395,745,31180,10810,20370
C3010,27,00,0000,State - MAHARASHTRA  27,Rural,25-29,4239973,2082403,2157570,95177,60617,34560,0,0,0,43929,38622,5307,7504,6133,1371,2141,1671,470,41603,14191,27412
C3010,27,00,0000,State - MAHARASHTRA  27,Rural,30-34,3944147,1944710,1999437,55644,22487,33157,0,0,0,5292,4460,832,2128,1503,625,892,670,222,47332,15854,31478
C3010,27,00,0000,State - MAHARASHTRA  27,Rural,35-59,12886569,6542398,6344171,68054,26626,41428,0,0,0,3042,2387,655,3596,2255,1341,1294,984,310,60122,21000,39122
C3010,27,00,0000,State - MAHARASHTRA  27,Rural,60+,5709130,2627443,3081687,7701,4157,3544,0,0,0,845,569,276,1155,551,604,284,168,116,5417,2869,2548
C3010,27,00,0000,State - MAHARASHTRA  27,Rural,Age not stated,80148,44086,36062,777,561,216,0,0,0,472,347,125,127,109,18,61,54,7,117,51,66
C3010,27,00,0000,State - MAHARASHTRA  27,Urban,All ages,41100980,21941919,19159061,10724701,5843596,4881105,9267174,4960670,4306504,1245222,738985,506237,173718,120412,53306,32447,21012,11435,6140,2517,3623
C3010,27,00,0000,State - MAHARASHTRA  27,Urban,0-4,3659736,1915580,1744156,171382,90572,80810,171382,90572,80810,0,0,0,0,0,0,0,0,0,0,0,0
C3010,27,00,0000,State - MAHARASHTRA  27,Urban,5,849710,451043,398667,242531,128529,114002,242531,128529,114002,0,0,0,0,0,0,0,0,0,0,0,0
C3010,27,00,0000,State - MAHARASHTRA  27,Urban,6,732852,380726,352126,418655,217346,201309,418655,217346,201309,0,0,0,0,0,0,0,0,0,0,0,0
C3010,27,00,0000,State - MAHARASHTRA  27,Urban,7,793769,408574,385195,709071,366746,342325,709071,366746,342325,0,0,0,0,0,0,0,0,0,0,0,0
C3010,27,00,0000,State - MAHARASHTRA  27,Urban,8,886370,465596,420774,821534,433649,387885,821534,433649,387885,0,0,0,0,0,0,0,0,0,0,0,0
C3010,27,00,0000,State - MAHARASHTRA  27,Urban,9,738616,380696,357920,700817,362256,338561,700817,362256,338561,0,0,0,0,0,0,0,0,0,0,0,0
C3010,27,00,0000,State - MAHARASHTRA  27,Urban,10,1055082,556962,498120,981852,519909,461943,981852,519909,461943,0,0,0,0,0,0,0,0,0,0,0,0
C3010,27,00,0000,State - MAHARASHTRA  27,Urban,11,782533,410810,371723,742417,391134,351283,742417,391134,351283,0,0,0,0,0,0,0,0,0,0,0,0
C3010,27,00,0000,State - MAHARASHTRA  27,Urban,12,1015373,543021,472352,920512,494166,426346,920512,494166,426346,0,0,0,0,0,0,0,0,0,0,0,0
C3010,27,00,0000,State - MAHARASHTRA  27,Urban,13,789640,409390,380250,713262,372554,340708,713262,372554,340708,0,0,0,0,0,0,0,0,0,0,0,0
C3010,27,00,0000,State - MAHARASHTRA  27,Urban,14,824248,434523,389725,700069,372660,327409,700069,372660,327409,0,0,0,0,0,0,0,0,0,0,0,0
C3010,27,00,0000,State - MAHARASHTRA  27,Urban,15-19,4199676,2322435,1877241,2533820,1406896,1126924,1985006,1101962,883044,466651,250898,215753,69974,46403,23571,11763,7404,4359,426,229,197
C3010,27,00,0000,State - MAHARASHTRA  27,Urban,20-24,4282398,2379595,1902803,911595,578456,333139,160066,109187,50879,679448,418487,260961,62099,44239,17860,9167,6150,3017,815,393,422
C3010,27,00,0000,State - MAHARASHTRA  27,Urban,25-29,3978391,2104844,1873547,109848,79179,30669,0,0,0,75193,54411,20782,27520,20256,7264,6195,4139,2056,940,373,567
C3010,27,00,0000,State - MAHARASHTRA  27,Urban,30-34,3448573,1855841,1592732,20746,13490,7256,0,0,0,11282,7438,3844,6302,4327,1975,2197,1398,799,965,327,638
C3010,27,00,0000,State - MAHARASHTRA  27,Urban,35-59,10280548,5595906,4684642,21704,13149,8555,0,0,0,9882,6002,3880,6682,4505,2177,2742,1705,1037,2398,937,1461
C3010,27,00,0000,State - MAHARASHTRA  27,Urban,60+,2745530,1304758,1440772,4074,2336,1738,0,0,0,2155,1335,820,982,555,427,352,195,157,585,251,334
C3010,27,00,0000,State - MAHARASHTRA  27,Urban,Age not stated,37935,21619,16316,812,569,243,0,0,0,611,414,197,159,127,32,31,21,10,11,7,4
C3010,28,00,0000,State - ANDHRA PRADESH  28,Total,All ages,76210007,38527413,37682594,17515658,9669530,7846128,15748015,8580156,7167859,1302691,890635,412056,140753,97262,43491,58702,35340,23362,265497,66137,199360
C3010,28,00,0000,State - ANDHRA PRADESH  28,Total,0-4,6684361,3402214,3282147,262270,136157,126113,262270,136157,126113,0,0,0,0,0,0,0,0,0,0,0,0
C3010,28,00,0000,State - ANDHRA PRADESH  28,Total,5,1726212,884843,841369,631004,328353,302651,631004,328353,302651,0,0,0,0,0,0,0,0,0,0,0,0
C3010,28,00,0000,State - ANDHRA PRADESH  28,Total,6,1761284,900264,861020,1123578,582651,540927,1123578,582651,540927,0,0,0,0,0,0,0,0,0,0,0,0
C3010,28,00,0000,State - ANDHRA PRADESH  28,Total,7,1751037,895974,855063,1484728,771340,713388,1484728,771340,713388,0,0,0,0,0,0,0,0,0,0,0,0
C3010,28,00,0000,State - ANDHRA PRADESH  28,Total,8,2037629,1023310,1014319,1761856,904218,857638,1761856,904218,857638,0,0,0,0,0,0,0,0,0,0,0,0
C3010,28,00,0000,State - ANDHRA PRADESH  28,Total,9,1704629,866761,837868,1513549,786738,726811,1513549,786738,726811,0,0,0,0,0,0,0,0,0,0,0,0
C3010,28,00,0000,State - ANDHRA PRADESH  28,Total,10,2171974,1126457,1045517,1777998,956762,821236,1777998,956762,821236,0,0,0,0,0,0,0,0,0,0,0,0
C3010,28,00,0000,State - ANDHRA PRADESH  28,Total,11,1407029,728989,678040,1188037,641634,546403,1188037,641634,546403,0,0,0,0,0,0,0,0,0,0,0,0
C3010,28,00,0000,State - ANDHRA PRADESH  28,Total,12,2038368,1056744,981624,1491153,829060,662093,1491153,829060,662093,0,0,0,0,0,0,0,0,0,0,0,0
C3010,28,00,0000,State - ANDHRA PRADESH  28,Total,13,1544124,783874,760250,1101731,610510,491221,1101731,610510,491221,0,0,0,0,0,0,0,0,0,0,0,0
C3010,28,00,0000,State - ANDHRA PRADESH  28,Total,14,1571478,811657,759821,1004653,573810,430843,1004653,573810,430843,0,0,0,0,0,0,0,0,0,0,0,0
C3010,28,00,0000,State - ANDHRA PRADESH  28,Total,15-19,7579964,3954124,3625840,2849664,1726940,1122724,2232108,1344558,887550,518435,323411,195024,65722,42596,23126,19033,11455,7578,14366,4920,9446
C3010,28,00,0000,State - ANDHRA PRADESH  28,Total,20-24,6936897,3478288,3458609,914257,624928,289329,175350,114365,60985,651615,466884,184731,38540,26836,11704,11866,7250,4616,36886,9593,27293
C3010,28,00,0000,State - ANDHRA PRADESH  28,Total,25-29,6762271,3229258,3533013,164086,99512,64574,0,0,0,80095,61980,18115,22014,17837,4177,12127,8044,4083,49850,11651,38199
C3010,28,00,0000,State - ANDHRA PRADESH  28,Total,30-34,5625505,2857197,2768308,74630,31190,43440,0,0,0,19253,13896,5357,5156,3824,1332,5146,2935,2211,45075,10535,34540
C3010,28,00,0000,State - ANDHRA PRADESH  28,Total,35-59,18985717,9695628,9290089,154803,56203,98600,0,0,0,26291,19488,6803,7255,4903,2352,9152,4826,4326,112105,26986,85119
C3010,28,00,0000,State - ANDHRA PRADESH  28,Total,60+,5788078,2757588,3030490,14156,7248,6908,0,0,0,4500,3341,1159,1485,828,657,1165,706,459,7006,2373,4633
C3010,28,00,0000,State - ANDHRA PRADESH  28,Total,Age not stated,133450,74243,59207,3505,2276,1229,0,0,0,2502,1635,867,581,438,143,213,124,89,209,79,130
C3010,28,00,0000,State - ANDHRA PRADESH  28,Rural,All ages,55401067,27937204,27463863,11834066,6624355,5209711,10953957,6086463,4867494,543309,417976,125333,56423,42429,13994,30101,17140,12961,250276,60347,189929
C3010,28,00,0000,State - ANDHRA PRADESH  28,Rural,0-4,5012932,2548446,2464486,121273,62790,58483,121273,62790,58483,0,0,0,0,0,0,0,0,0,0,0,0
C3010,28,00,0000,State - ANDHRA PRADESH  28,Rural,5,1279744,654876,624868,430265,224097,206168,430265,224097,206168,0,0,0,0,0,0,0,0,0,0,0,0
C3010,28,00,0000,State - ANDHRA PRADESH  28,Rural,6,1329123,679686,649437,845573,440261,405312,845573,440261,405312,0,0,0,0,0,0,0,0,0,0,0,0
C3010,28,00,0000,State - ANDHRA PRADESH  28,Rural,7,1319865,673537,646328,1116636,580601,536035,1116636,580601,536035,0,0,0,0,0,0,0,0,0,0,0,0
C3010,28,00,0000,State - ANDHRA PRADESH  28,Rural,8,1547807,776508,771299,1332717,686633,646084,1332717,686633,646084,0,0,0,0,0,0,0,0,0,0,0,0
C3010,28,00,0000,State - ANDHRA PRADESH  28,Rural,9,1295625,659788,635837,1145767,599626,546141,1145767,599626,546141,0,0,0,0,0,0,0,0,0,0,0,0
C3010,28,00,0000,State - ANDHRA PRADESH  28,Rural,10,1604950,831956,772994,1289186,701282,587904,1289186,701282,587904,0,0,0,0,0,0,0,0,0,0,0,0
C3010,28,00,0000,State - ANDHRA PRADESH  28,Rural,11,1022459,533593,488866,846985,467048,379937,846985,467048,379937,0,0,0,0,0,0,0,0,0,0,0,0
C3010,28,00,0000,State - ANDHRA PRADESH  28,Rural,12,1499479,779886,719593,1045041,597422,447619,1045041,597422,447619,0,0,0,0,0,0,0,0,0,0,0,0
C3010,28,00,0000,State - ANDHRA PRADESH  28,Rural,13,1120720,574103,546617,753317,434797,318520,753317,434797,318520,0,0,0,0,0,0,0,0,0,0,0,0
C3010,28,00,0000,State - ANDHRA PRADESH  28,Rural,14,1121781,584269,537512,657496,394428,263068,657496,394428,263068,0,0,0,0,0,0,0,0,0,0,0,0
C3010,28,00,0000,State - ANDHRA PRADESH  28,Rural,15-19,5263858,2778306,2485552,1568324,1033469,534855,1276890,831873,445017,240794,170982,69812,28019,20222,7797,10035,6348,3687,12586,4044,8542
C3010,28,00,0000,State - ANDHRA PRADESH  28,Rural,20-24,4796962,2396915,2400047,410077,301912,108165,92811,65605,27206,262661,212784,49877,14393,11341,3052,6040,3739,2301,34172,8443,25729
C3010,28,00,0000,State - ANDHRA PRADESH  28,Rural,25-29,4779944,2272443,2507501,88469,45108,43361,0,0,0,27835,24156,3679,8462,7285,1177,5511,3412,2099,46661,10255,36406
C3010,28,00,0000,State - ANDHRA PRADESH  28,Rural,30-34,4020132,2026502,1993630,53058,17089,35969,0,0,0,5510,4623,887,1888,1400,488,2594,1160,1434,43066,9906,33160
C3010,28,00,0000,State - ANDHRA PRADESH  28,Rural,35-59,13800968,6970211,6830757,120175,33543,86632,0,0,0,5006,4260,746,2784,1690,1094,5186,2050,3136,107199,25543,81656
C3010,28,00,0000,State - ANDHRA PRADESH  28,Rural,60+,4505734,2152118,2353616,8673,3538,5135,0,0,0,898,700,198,695,357,338,646,379,267,6434,2102,4332
C3010,28,00,0000,State - ANDHRA PRADESH  28,Rural,Age not stated,78984,44061,34923,1034,711,323,0,0,0,605,471,134,182,134,48,89,52,37,158,54,104
C3010,28,00,0000,State - ANDHRA PRADESH  28,Urban,All ages,20808940,10590209,10218731,5681592,3045175,2636417,4794058,2493693,2300365,759382,472659,286723,84330,54833,29497,28601,18200,10401,15221,5790,9431
C3010,28,00,0000,State - ANDHRA PRADESH  28,Urban,0-4,1671429,853768,817661,140997,73367,67630,140997,73367,67630,0,0,0,0,0,0,0,0,0,0,0,0
C3010,28,00,0000,State - ANDHRA PRADESH  28,Urban,5,446468,229967,216501,200739,104256,96483,200739,104256,96483,0,0,0,0,0,0,0,0,0,0,0,0
C3010,28,00,0000,State - ANDHRA PRADESH  28,Urban,6,432161,220578,211583,278005,142390,135615,278005,142390,135615,0,0,0,0,0,0,0,0,0,0,0,0
C3010,28,00,0000,State - ANDHRA PRADESH  28,Urban,7,431172,222437,208735,368092,190739,177353,368092,190739,177353,0,0,0,0,0,0,0,0,0,0,0,0
C3010,28,00,0000,State - ANDHRA PRADESH  28,Urban,8,489822,246802,243020,429139,217585,211554,429139,217585,211554,0,0,0,0,0,0,0,0,0,0,0,0
C3010,28,00,0000,State - ANDHRA PRADESH  28,Urban,9,409004,206973,202031,367782,187112,180670,367782,187112,180670,0,0,0,0,0,0,0,0,0,0,0,0
C3010,28,00,0000,State - ANDHRA PRADESH  28,Urban,10,567024,294501,272523,488812,255480,233332,488812,255480,233332,0,0,0,0,0,0,0,0,0,0,0,0
C3010,28,00,0000,State - ANDHRA PRADESH  28,Urban,11,384570,195396,189174,341052,174586,166466,341052,174586,166466,0,0,0,0,0,0,0,0,0,0,0,0
C3010,28,00,0000,State - ANDHRA PRADESH  28,Urban,12,538889,276858,262031,446112,231638,214474,446112,231638,214474,0,0,0,0,0,0,0,0,0,0,0,0
C3010,28,00,0000,State - ANDHRA PRADESH  28,Urban,13,423404,209771,213633,348414,175713,172701,348414,175713,172701,0,0,0,0,0,0,0,0,0,0,0,0
C3010,28,00,0000,State - ANDHRA PRADESH  28,Urban,14,449697,227388,222309,347157,179382,167775,347157,179382,167775,0,0,0,0,0,0,0,0,0,0,0,0
C3010,28,00,0000,State - ANDHRA PRADESH  28,Urban,15-19,2316106,1175818,1140288,1281340,693471,587869,955218,512685,442533,277641,152429,125212,37703,22374,15329,8998,5107,3891,1780,876,904
C3010,28,00,0000,State - ANDHRA PRADESH  28,Urban,20-24,2139935,1081373,1058562,504180,323016,181164,82539,48760,33779,388954,254100,134854,24147,15495,8652,5826,3511,2315,2714,1150,1564
C3010,28,00,0000,State - ANDHRA PRADESH  28,Urban,25-29,1982327,956815,1025512,75617,54404,21213,0,0,0,52260,37824,14436,13552,10552,3000,6616,4632,1984,3189,1396,1793
C3010,28,00,0000,State - ANDHRA PRADESH  28,Urban,30-34,1605373,830695,774678,21572,14101,7471,0,0,0,13743,9273,4470,3268,2424,844,2552,1775,777,2009,629,1380
C3010,28,00,0000,State - ANDHRA PRADESH  28,Urban,35-59,5184749,2725417,2459332,34628,22660,11968,0,0,0,21285,15228,6057,4471,3213,1258,3966,2776,1190,4906,1443,3463
C3010,28,00,0000,State - ANDHRA PRADESH  28,Urban,60+,1282344,605470,676874,5483,3710,1773,0,0,0,3602,2641,961,790,471,319,519,327,192,572,271,301
C3010,28,00,0000,State - ANDHRA PRADESH  28,Urban,Age not stated,54466,30182,24284,2471,1565,906,0,0,0,1897,1164,733,399,304,95,124,72,52,51,25,26
C3010,29,00,0000,State - KARNATAKA  29,Total,All ages,52850562,26898918,25951644,11314196,6199480,5114716,10337693,5561318,4776375,776258,504200,272058,147466,98604,48862,37609,27287,10322,15170,8071,7099
C3010,29,00,0000,State - KARNATAKA  29,Total,0-4,4942594,2537476,2405118,84756,44033,40723,84756,44033,40723,0,0,0,0,0,0,0,0,0,0,0,0
C3010,29,00,0000,State - KARNATAKA  29,Total,5,1138754,588059,550695,118872,61790,57082,118872,61790,57082,0,0,0,0,0,0,0,0,0,0,0,0
C3010,29,00,0000,State - KARNATAKA  29,Total,6,1100752,565423,535329,462054,240146,221908,462054,240146,221908,0,0,0,0,0,0,0,0,0,0,0,0
C3010,29,00,0000,State - KARNATAKA  29,Total,7,1023407,521358,502049,836708,432287,404421,836708,432287,404421,0,0,0,0,0,0,0,0,0,0,0,0
C3010,29,00,0000,State - KARNATAKA  29,Total,8,1288401,648505,639896,1104063,565715,538348,1104063,565715,538348,0,0,0,0,0,0,0,0,0,0,0,0
C3010,29,00,0000,State - KARNATAKA  29,Total,9,1130117,570132,559985,1018321,521758,496563,1018321,521758,496563,0,0,0,0,0,0,0,0,0,0,0,0
C3010,29,00,0000,State - KARNATAKA  29,Total,10,1462506,746246,716260,1216480,637393,579087,1216480,637393,579087,0,0,0,0,0,0,0,0,0,0,0,0
C3010,29,00,0000,State - KARNATAKA  29,Total,11,1016642,518871,497771,885140,463556,421584,885140,463556,421584,0,0,0,0,0,0,0,0,0,0,0,0
C3010,29,00,0000,State - KARNATAKA  29,Total,12,1426809,728762,698047,1073403,572400,501003,1073403,572400,501003,0,0,0,0,0,0,0,0,0,0,0,0
C3010,29,00,0000,State - KARNATAKA  29,Total,13,1089999,556516,533483,831183,446697,384486,831183,446697,384486,0,0,0,0,0,0,0,0,0,0,0,0
C3010,29,00,0000,State - KARNATAKA  29,Total,14,1225620,638838,586782,819720,457830,361890,819720,457830,361890,0,0,0,0,0,0,0,0,0,0,0,0
C3010,29,00,0000,State - KARNATAKA  29,Total,15-19,5381672,2840330,2541342,2136118,1250449,885669,1759020,1027907,731113,308316,179629,128687,56230,34678,21552,11704,7802,3902,848,433,415
C3010,29,00,0000,State - KARNATAKA  29,Total,20-24,4886225,2541933,2344292,598327,409217,189110,127973,89806,38167,407447,277863,129584,52619,34717,17902,8344,5896,2448,1944,935,1009
C3010,29,00,0000,State - KARNATAKA  29,Total,25-29,4578219,2216303,2361916,74557,57913,16644,0,0,0,42325,33668,8657,21489,16593,4896,8201,6455,1746,2542,1197,1345
C3010,29,00,0000,State - KARNATAKA  29,Total,30-34,3821205,1917602,1903603,19341,13961,5380,0,0,0,7689,5733,1956,5752,4287,1465,3600,2780,820,2300,1161,1139
C3010,29,00,0000,State - KARNATAKA  29,Total,35-59,13223774,6810137,6413637,29093,20172,8921,0,0,0,8094,5710,2384,9673,7206,2467,4819,3579,1240,6507,3677,2830
C3010,29,00,0000,State - KARNATAKA  29,Total,60+,4062022,1923730,2138292,5169,3572,1597,0,0,0,1843,1245,598,1403,908,495,904,756,148,1019,663,356
C3010,29,00,0000,State - KARNATAKA  29,Total,Age not stated,51844,28697,23147,891,591,300,0,0,0,544,352,192,300,215,85,37,19,18,10,5,5
C3010,29,00,0000,State - KARNATAKA  29,Rural,All ages,34889033,17648958,17240075,6965018,3885153,3079865,6613467,3628054,2985413,279225,205214,74011,38891,28094,10797,20581,16887,3694,12854,6904,5950
C3010,29,00,0000,State - KARNATAKA  29,Rural,0-4,3397862,1742354,1655508,32923,17300,15623,32923,17300,15623,0,0,0,0,0,0,0,0,0,0,0,0
C3010,29,00,0000,State - KARNATAKA  29,Rural,5,777178,400286,376892,47452,24822,22630,47452,24822,22630,0,0,0,0,0,0,0,0,0,0,0,0
C3010,29,00,0000,State - KARNATAKA  29,Rural,6,760340,389917,370423,297432,155630,141802,297432,155630,141802,0,0,0,0,0,0,0,0,0,0,0,0
C3010,29,00,0000,State - KARNATAKA  29,Rural,7,687192,349061,338131,547780,283992,263788,547780,283992,263788,0,0,0,0,0,0,0,0,0,0,0,0
C3010,29,00,0000,State - KARNATAKA  29,Rural,8,885349,444683,440666,742026,382008,360018,742026,382008,360018,0,0,0,0,0,0,0,0,0,0,0,0
C3010,29,00,0000,State - KARNATAKA  29,Rural,9,794528,400978,393550,707665,364954,342711,707665,364954,342711,0,0,0,0,0,0,0,0,0,0,0,0
C3010,29,00,0000,State - KARNATAKA  29,Rural,10,1001269,508854,492415,807658,426829,380829,807658,426829,380829,0,0,0,0,0,0,0,0,0,0,0,0
C3010,29,00,0000,State - KARNATAKA  29,Rural,11,689756,352109,337647,588234,311840,276394,588234,311840,276394,0,0,0,0,0,0,0,0,0,0,0,0
C3010,29,00,0000,State - KARNATAKA  29,Rural,12,982990,499436,483554,701286,380217,321069,701286,380217,321069,0,0,0,0,0,0,0,0,0,0,0,0
C3010,29,00,0000,State - KARNATAKA  29,Rural,13,736407,377639,358768,535214,295684,239530,535214,295684,239530,0,0,0,0,0,0,0,0,0,0,0,0
C3010,29,00,0000,State - KARNATAKA  29,Rural,14,840718,439795,400923,522745,302567,220178,522745,302567,220178,0,0,0,0,0,0,0,0,0,0,0,0
C3010,29,00,0000,State - KARNATAKA  29,Rural,15-19,3484228,1852678,1631550,1153341,722936,430405,1010609,627733,382876,121133,79834,41299,15105,10517,4588,5804,4497,1307,690,355,335
C3010,29,00,0000,State - KARNATAKA  29,Rural,20-24,2985560,1546091,1439469,226940,173667,53273,72443,54478,17965,136699,106550,30149,11950,8389,3561,4235,3467,768,1613,783,830
C3010,29,00,0000,State - KARNATAKA  29,Rural,25-29,2848720,1359926,1488794,28431,23849,4582,0,0,0,15781,14085,1696,6000,4914,1086,4501,3834,667,2149,1016,1133
C3010,29,00,0000,State - KARNATAKA  29,Rural,30-34,2430733,1198795,1231938,9003,6911,2092,0,0,0,2673,2342,331,1929,1517,412,2401,2042,359,2000,1010,990
C3010,29,00,0000,State - KARNATAKA  29,Rural,35-59,8662665,4406720,4255945,13994,9855,4139,0,0,0,2199,1858,341,3291,2402,889,2943,2429,514,5561,3166,2395
C3010,29,00,0000,State - KARNATAKA  29,Rural,60+,2889594,1360846,1528748,2620,1915,705,0,0,0,544,414,130,557,319,238,684,610,74,835,572,263
C3010,29,00,0000,State - KARNATAKA  29,Rural,Age not stated,33944,18790,15154,274,177,97,0,0,0,196,131,65,59,36,23,13,8,5,6,2,4
C3010,29,00,0000,State - KARNATAKA  29,Urban,All ages,17961529,9249960,8711569,4349178,2314327,2034851,3724226,1933264,1790962,497033,298986,198047,108575,70510,38065,17028,10400,6628,2316,1167,1149
C3010,29,00,0000,State - KARNATAKA  29,Urban,0-4,1544732,795122,749610,51833,26733,25100,51833,26733,25100,0,0,0,0,0,0,0,0,0,0,0,0
C3010,29,00,0000,State - KARNATAKA  29,Urban,5,361576,187773,173803,71420,36968,34452,71420,36968,34452,0,0,0,0,0,0,0,0,0,0,0,0
C3010,29,00,0000,State - KARNATAKA  29,Urban,6,340412,175506,164906,164622,84516,80106,164622,84516,80106,0,0,0,0,0,0,0,0,0,0,0,0
C3010,29,00,0000,State - KARNATAKA  29,Urban,7,336215,172297,163918,288928,148295,140633,288928,148295,140633,0,0,0,0,0,0,0,0,0,0,0,0
C3010,29,00,0000,State - KARNATAKA  29,Urban,8,403052,203822,199230,362037,183707,178330,362037,183707,178330,0,0,0,0,0,0,0,0,0,0,0,0
C3010,29,00,0000,State - KARNATAKA  29,Urban,9,335589,169154,166435,310656,156804,153852,310656,156804,153852,0,0,0,0,0,0,0,0,0,0,0,0
C3010,29,00,0000,State - KARNATAKA  29,Urban,10,461237,237392,223845,408822,210564,198258,408822,210564,198258,0,0,0,0,0,0,0,0,0,0,0,0
C3010,29,00,0000,State - KARNATAKA  29,Urban,11,326886,166762,160124,296906,151716,145190,296906,151716,145190,0,0,0,0,0,0,0,0,0,0,0,0
C3010,29,00,0000,State - KARNATAKA  29,Urban,12,443819,229326,214493,372117,192183,179934,372117,192183,179934,0,0,0,0,0,0,0,0,0,0,0,0
C3010,29,00,0000,State - KARNATAKA  29,Urban,13,353592,178877,174715,295969,151013,144956,295969,151013,144956,0,0,0,0,0,0,0,0,0,0,0,0
C3010,29,00,0000,State - KARNATAKA  29,Urban,14,384902,199043,185859,296975,155263,141712,296975,155263,141712,0,0,0,0,0,0,0,0,0,0,0,0
C3010,29,00,0000,State - KARNATAKA  29,Urban,15-19,1897444,987652,909792,982777,527513,455264,748411,400174,348237,187183,99795,87388,41125,24161,16964,5900,3305,2595,158,78,80
C3010,29,00,0000,State - KARNATAKA  29,Urban,20-24,1900665,995842,904823,371387,235550,135837,55530,35328,20202,270748,171313,99435,40669,26328,14341,4109,2429,1680,331,152,179
C3010,29,00,0000,State - KARNATAKA  29,Urban,25-29,1729499,856377,873122,46126,34064,12062,0,0,0,26544,19583,6961,15489,11679,3810,3700,2621,1079,393,181,212
C3010,29,00,0000,State - KARNATAKA  29,Urban,30-34,1390472,718807,671665,10338,7050,3288,0,0,0,5016,3391,1625,3823,2770,1053,1199,738,461,300,151,149
C3010,29,00,0000,State - KARNATAKA  29,Urban,35-59,4561109,2403417,2157692,15099,10317,4782,0,0,0,5895,3852,2043,6382,4804,1578,1876,1150,726,946,511,435
C3010,29,00,0000,State - KARNATAKA  29,Urban,60+,1172428,562884,609544,2549,1657,892,0,0,0,1299,831,468,846,589,257,220,146,74,184,91,93
C3010,29,00,0000,State - KARNATAKA  29,Urban,Age not stated,17900,9907,7993,617,414,203,0,0,0,348,221,127,241,179,62,24,11,13,4,3,1
C3010,30,00,0000,State - GOA  30,Total,All ages,1347668,687248,660420,293522,154699,138823,258627,134711,123916,25560,13364,12196,6721,4982,1739,2512,1596,916,102,46,56
C3010,30,00,0000,State - GOA  30,Total,0-4,103823,53624,50199,4593,2407,2186,4593,2407,2186,0,0,0,0,0,0,0,0,0,0,0,0
C3010,30,00,0000,State - GOA  30,Total,5,22523,11771,10752,8163,4272,3891,8163,4272,3891,0,0,0,0,0,0,0,0,0,0,0,0
C3010,30,00,0000,State - GOA  30,Total,6,19622,9943,9679,13250,6678,6572,13250,6678,6572,0,0,0,0,0,0,0,0,0,0,0,0
C3010,30,00,0000,State - GOA  30,Total,7,21168,10795,10373,19408,9960,9448,19408,9960,9448,0,0,0,0,0,0,0,0,0,0,0,0
C3010,30,00,0000,State - GOA  30,Total,8,23119,11815,11304,21642,11099,10543,21642,11099,10543,0,0,0,0,0,0,0,0,0,0,0,0
C3010,30,00,0000,State - GOA  30,Total,9,20958,10672,10286,19986,10229,9757,19986,10229,9757,0,0,0,0,0,0,0,0,0,0,0,0
C3010,30,00,0000,State - GOA  30,Total,10,27069,13742,13327,25370,12968,12402,25370,12968,12402,0,0,0,0,0,0,0,0,0,0,0,0
C3010,30,00,0000,State - GOA  30,Total,11,20375,10329,10046,19466,9930,9536,19466,9930,9536,0,0,0,0,0,0,0,0,0,0,0,0
C3010,30,00,0000,State - GOA  30,Total,12,26194,13585,12609,24060,12685,11375,24060,12685,11375,0,0,0,0,0,0,0,0,0,0,0,0
C3010,30,00,0000,State - GOA  30,Total,13,22561,11466,11095,20782,10741,10041,20782,10741,10041,0,0,0,0,0,0,0,0,0,0,0,0
C3010,30,00,0000,State - GOA  30,Total,14,23814,12182,11632,20970,10922,10048,20970,10922,10048,0,0,0,0,0,0,0,0,0,0,0,0
C3010,30,00,0000,State - GOA  30,Total,15-19,125031,64970,60061,72350,38776,33574,57048,30533,26515,11433,5646,5787,2876,1984,892,981,606,375,12,7,5
C3010,30,00,0000,State - GOA  30,Total,20-24,142016,75652,66364,19575,11275,8300,3889,2287,1602,12540,6732,5808,2312,1738,574,813,507,306,21,11,10
C3010,30,00,0000,State - GOA  30,Total,25-29,138614,70745,67869,2423,1745,678,0,0,0,1063,680,383,953,804,149,390,254,136,17,7,10
C3010,30,00,0000,State - GOA  30,Total,30-34,117544,61304,56240,768,571,197,0,0,0,221,122,99,346,299,47,190,145,45,11,5,6
C3010,30,00,0000,State - GOA  30,Total,35-59,373952,191321,182631,602,377,225,0,0,0,247,148,99,192,137,55,129,78,51,34,14,20
C3010,30,00,0000,State - GOA  30,Total,60+,112273,49676,62597,104,57,47,0,0,0,48,29,19,42,20,22,7,6,1,7,2,5
C3010,30,00,0000,State - GOA  30,Total,Age not stated,7012,3656,3356,10,7,3,0,0,0,8,7,1,0,0,0,2,0,2,0,0,0
C3010,30,00,0000,State - GOA  30,Rural,All ages,677091,340545,336546,142056,74489,67567,128103,66576,61527,9887,5130,4757,2856,2033,823,1174,736,438,36,14,22
C3010,30,00,0000,State - GOA  30,Rural,0-4,51505,26426,25079,1922,967,955,1922,967,955,0,0,0,0,0,0,0,0,0,0,0,0
C3010,30,00,0000,State - GOA  30,Rural,5,10734,5579,5155,3790,1964,1826,3790,1964,1826,0,0,0,0,0,0,0,0,0,0,0,0
C3010,30,00,0000,State - GOA  30,Rural,6,9099,4542,4557,6407,3201,3206,6407,3201,3206,0,0,0,0,0,0,0,0,0,0,0,0
C3010,30,00,0000,State - GOA  30,Rural,7,9878,5052,4826,9175,4726,4449,9175,4726,4449,0,0,0,0,0,0,0,0,0,0,0,0
C3010,30,00,0000,State - GOA  30,Rural,8,10922,5633,5289,10357,5367,4990,10357,5367,4990,0,0,0,0,0,0,0,0,0,0,0,0
C3010,30,00,0000,State - GOA  30,Rural,9,10414,5302,5112,10030,5122,4908,10030,5122,4908,0,0,0,0,0,0,0,0,0,0,0,0
C3010,30,00,0000,State - GOA  30,Rural,10,13002,6539,6463,12350,6240,6110,12350,6240,6110,0,0,0,0,0,0,0,0,0,0,0,0
C3010,30,00,0000,State - GOA  30,Rural,11,10021,5065,4956,9647,4892,4755,9647,4892,4755,0,0,0,0,0,0,0,0,0,0,0,0
C3010,30,00,0000,State - GOA  30,Rural,12,12887,6664,6223,12100,6357,5743,12100,6357,5743,0,0,0,0,0,0,0,0,0,0,0,0
C3010,30,00,0000,State - GOA  30,Rural,13,11423,5811,5612,10626,5489,5137,10626,5489,5137,0,0,0,0,0,0,0,0,0,0,0,0
C3010,30,00,0000,State - GOA  30,Rural,14,12120,6155,5965,10759,5576,5183,10759,5576,5183,0,0,0,0,0,0,0,0,0,0,0,0
C3010,30,00,0000,State - GOA  30,Rural,15-19,64091,32570,31521,35690,19243,16447,29032,15553,13479,4607,2292,2315,1533,1072,461,512,322,190,6,4,2
C3010,30,00,0000,State - GOA  30,Rural,20-24,72435,37803,34632,8110,4685,3425,1908,1122,786,4789,2555,2234,1016,753,263,388,251,137,9,4,5
C3010,30,00,0000,State - GOA  30,Rural,25-29,69748,35778,33970,694,434,260,0,0,0,341,196,145,189,128,61,160,108,52,4,2,2
C3010,30,00,0000,State - GOA  30,Rural,30-34,57642,30168,27474,159,99,60,0,0,0,61,32,29,46,36,10,48,28,20,4,3,1
C3010,30,00,0000,State - GOA  30,Rural,35-59,184770,92260,92510,195,106,89,0,0,0,71,46,25,55,35,20,61,24,37,8,1,7
C3010,30,00,0000,State - GOA  30,Rural,60+,61473,26632,34841,43,20,23,0,0,0,17,8,9,17,9,8,4,3,1,5,0,5
C3010,30,00,0000,State - GOA  30,Rural,Age not stated,4927,2566,2361,2,1,1,0,0,0,1,1,0,0,0,0,1,0,1,0,0,0
C3010,30,00,0000,State - GOA  30,Urban,All ages,670577,346703,323874,151466,80210,71256,130524,68135,62389,15673,8234,7439,3865,2949,916,1338,860,478,66,32,34
C3010,30,00,0000,State - GOA  30,Urban,0-4,52318,27198,25120,2671,1440,1231,2671,1440,1231,0,0,0,0,0,0,0,0,0,0,0,0
C3010,30,00,0000,State - GOA  30,Urban,5,11789,6192,5597,4373,2308,2065,4373,2308,2065,0,0,0,0,0,0,0,0,0,0,0,0
C3010,30,00,0000,State - GOA  30,Urban,6,10523,5401,5122,6843,3477,3366,6843,3477,3366,0,0,0,0,0,0,0,0,0,0,0,0
C3010,30,00,0000,State - GOA  30,Urban,7,11290,5743,5547,10233,5234,4999,10233,5234,4999,0,0,0,0,0,0,0,0,0,0,0,0
C3010,30,00,0000,State - GOA  30,Urban,8,12197,6182,6015,11285,5732,5553,11285,5732,5553,0,0,0,0,0,0,0,0,0,0,0,0
C3010,30,00,0000,State - GOA  30,Urban,9,10544,5370,5174,9956,5107,4849,9956,5107,4849,0,0,0,0,0,0,0,0,0,0,0,0
C3010,30,00,0000,State - GOA  30,Urban,10,14067,7203,6864,13020,6728,6292,13020,6728,6292,0,0,0,0,0,0,0,0,0,0,0,0
C3010,30,00,0000,State - GOA  30,Urban,11,10354,5264,5090,9819,5038,4781,9819,5038,4781,0,0,0,0,0,0,0,0,0,0,0,0
C3010,30,00,0000,State - GOA  30,Urban,12,13307,6921,6386,11960,6328,5632,11960,6328,5632,0,0,0,0,0,0,0,0,0,0,0,0
C3010,30,00,0000,State - GOA  30,Urban,13,11138,5655,5483,10156,5252,4904,10156,5252,4904,0,0,0,0,0,0,0,0,0,0,0,0
C3010,30,00,0000,State - GOA  30,Urban,14,11694,6027,5667,10211,5346,4865,10211,5346,4865,0,0,0,0,0,0,0,0,0,0,0,0
C3010,30,00,0000,State - GOA  30,Urban,15-19,60940,32400,28540,36660,19533,17127,28016,14980,13036,6826,3354,3472,1343,912,431,469,284,185,6,3,3
C3010,30,00,0000,State - GOA  30,Urban,20-24,69581,37849,31732,11465,6590,4875,1981,1165,816,7751,4177,3574,1296,985,311,425,256,169,12,7,5
C3010,30,00,0000,State - GOA  30,Urban,25-29,68866,34967,33899,1729,1311,418,0,0,0,722,484,238,764,676,88,230,146,84,13,5,8
C3010,30,00,0000,State - GOA  30,Urban,30-34,59902,31136,28766,609,472,137,0,0,0,160,90,70,300,263,37,142,117,25,7,2,5
C3010,30,00,0000,State - GOA  30,Urban,35-59,189182,99061,90121,407,271,136,0,0,0,176,102,74,137,102,35,68,54,14,26,13,13
C3010,30,00,0000,State - GOA  30,Urban,60+,50800,23044,27756,61,37,24,0,0,0,31,21,10,25,11,14,3,3,0,2,2,0
C3010,30,00,0000,State - GOA  30,Urban,Age not stated,2085,1090,995,8,6,2,0,0,0,7,6,1,0,0,0,1,0,1,0,0,0
C3010,31,00,0000,State - LAKSHADWEEP  31,Total,All ages,60650,31131,29519,17066,9252,7814,16718,9023,7695,187,122,65,64,32,32,93,73,20,4,2,2
C3010,31,00,0000,State - LAKSHADWEEP  31,Total,0-4,6468,3289,3179,408,218,190,408,218,190,0,0,0,0,0,0,0,0,0,0,0,0
C3010,31,00,0000,State - LAKSHADWEEP  31,Total,5,1418,741,677,565,288,277,565,288,277,0,0,0,0,0,0,0,0,0,0,0,0
C3010,31,00,0000,State - LAKSHADWEEP  31,Total,6,1205,611,594,937,477,460,937,477,460,0,0,0,0,0,0,0,0,0,0,0,0
C3010,31,00,0000,State - LAKSHADWEEP  31,Total,7,1332,683,649,1288,661,627,1288,661,627,0,0,0,0,0,0,0,0,0,0,0,0
C3010,31,00,0000,State - LAKSHADWEEP  31,Total,8,1362,712,650,1333,701,632,1333,701,632,0,0,0,0,0,0,0,0,0,0,0,0
C3010,31,00,0000,State - LAKSHADWEEP  31,Total,9,1308,668,640,1280,653,627,1280,653,627,0,0,0,0,0,0,0,0,0,0,0,0
C3010,31,00,0000,State - LAKSHADWEEP  31,Total,10,1524,778,746,1486,762,724,1486,762,724,0,0,0,0,0,0,0,0,0,0,0,0
C3010,31,00,0000,State - LAKSHADWEEP  31,Total,11,1382,761,621,1357,749,608,1357,749,608,0,0,0,0,0,0,0,0,0,0,0,0
C3010,31,00,0000,State - LAKSHADWEEP  31,Total,12,1646,845,801,1584,819,765,1584,819,765,0,0,0,0,0,0,0,0,0,0,0,0
C3010,31,00,0000,State - LAKSHADWEEP  31,Total,13,1500,775,725,1434,747,687,1434,747,687,0,0,0,0,0,0,0,0,0,0,0,0
C3010,31,00,0000,State - LAKSHADWEEP  31,Total,14,1589,824,765,1444,776,668,1444,776,668,0,0,0,0,0,0,0,0,0,0,0,0
C3010,31,00,0000,State - LAKSHADWEEP  31,Total,15-19,6230,3203,3027,3521,2083,1438,3361,1986,1375,75,45,30,28,9,19,55,41,14,2,2,0
C3010,31,00,0000,State - LAKSHADWEEP  31,Total,20-24,5634,2769,2865,385,283,102,241,186,55,95,61,34,22,13,9,27,23,4,0,0,0
C3010,31,00,0000,State - LAKSHADWEEP  31,Total,25-29,5160,2597,2563,31,26,5,0,0,0,14,13,1,9,7,2,8,6,2,0,0,0
C3010,31,00,0000,State - LAKSHADWEEP  31,Total,30-34,4358,2245,2113,8,8,0,0,0,0,3,3,0,3,3,0,2,2,0,0,0,0
C3010,31,00,0000,State - LAKSHADWEEP  31,Total,35-59,14752,7715,7037,3,1,2,0,0,0,0,0,0,1,0,1,1,1,0,1,0,1
C3010,31,00,0000,State - LAKSHADWEEP  31,Total,60+,3729,1884,1845,2,0,2,0,0,0,0,0,0,1,0,1,0,0,0,1,0,1
C3010,31,00,0000,State - LAKSHADWEEP  31,Total,Age not stated,53,31,22,0,0,0,0,0,0,0,0,0,0,0,0,0,0,0,0,0,0
C3010,31,00,0000,State - LAKSHADWEEP  31,Rural,All ages,33683,17191,16492,9531,5097,4434,9339,4966,4373,126,84,42,23,7,16,42,40,2,1,0,1
C3010,31,00,0000,State - LAKSHADWEEP  31,Rural,0-4,3971,1974,1997,179,92,87,179,92,87,0,0,0,0,0,0,0,0,0,0,0,0
C3010,31,00,0000,State - LAKSHADWEEP  31,Rural,5,840,431,409,316,161,155,316,161,155,0,0,0,0,0,0,0,0,0,0,0,0
C3010,31,00,0000,State - LAKSHADWEEP  31,Rural,6,714,359,355,568,286,282,568,286,282,0,0,0,0,0,0,0,0,0,0,0,0
C3010,31,00,0000,State - LAKSHADWEEP  31,Rural,7,749,382,367,728,373,355,728,373,355,0,0,0,0,0,0,0,0,0,0,0,0
C3010,31,00,0000,State - LAKSHADWEEP  31,Rural,8,796,423,373,781,417,364,781,417,364,0,0,0,0,0,0,0,0,0,0,0,0
C3010,31,00,0000,State - LAKSHADWEEP  31,Rural,9,747,374,373,732,368,364,732,368,364,0,0,0,0,0,0,0,0,0,0,0,0
C3010,31,00,0000,State - LAKSHADWEEP  31,Rural,10,846,416,430,820,410,410,820,410,410,0,0,0,0,0,0,0,0,0,0,0,0
C3010,31,00,0000,State - LAKSHADWEEP  31,Rural,11,762,412,350,745,404,341,745,404,341,0,0,0,0,0,0,0,0,0,0,0,0
C3010,31,00,0000,State - LAKSHADWEEP  31,Rural,12,903,449,454,861,433,428,861,433,428,0,0,0,0,0,0,0,0,0,0,0,0
C3010,31,00,0000,State - LAKSHADWEEP  31,Rural,13,822,405,417,773,387,386,773,387,386,0,0,0,0,0,0,0,0,0,0,0,0
C3010,31,00,0000,State - LAKSHADWEEP  31,Rural,14,907,467,440,810,434,376,810,434,376,0,0,0,0,0,0,0,0,0,0,0,0
C3010,31,00,0000,State - LAKSHADWEEP  31,Rural,15-19,3510,1787,1723,1966,1140,826,1881,1087,794,51,30,21,13,2,11,21,21,0,0,0,0
C3010,31,00,0000,State - LAKSHADWEEP  31,Rural,20-24,3161,1554,1607,230,174,56,145,114,31,65,44,21,5,2,3,15,14,1,0,0,0
C3010,31,00,0000,State - LAKSHADWEEP  31,Rural,25-29,2812,1448,1364,18,16,2,0,0,0,9,9,0,4,3,1,5,4,1,0,0,0
C3010,31,00,0000,State - LAKSHADWEEP  31,Rural,30-34,2348,1258,1090,2,2,0,0,0,0,1,1,0,0,0,0,1,1,0,0,0,0
C3010,31,00,0000,State - LAKSHADWEEP  31,Rural,35-59,7858,4094,3764,2,0,2,0,0,0,0,0,0,1,0,1,0,0,0,1,0,1
C3010,31,00,0000,State - LAKSHADWEEP  31,Rural,60+,1903,940,963,0,0,0,0,0,0,0,0,0,0,0,0,0,0,0,0,0,0
C3010,31,00,0000,State - LAKSHADWEEP  31,Rural,Age not stated,34,18,16,0,0,0,0,0,0,0,0,0,0,0,0,0,0,0,0,0,0
C3010,31,00,0000,State - LAKSHADWEEP  31,Urban,All ages,26967,13940,13027,7535,4155,3380,7379,4057,3322,61,38,23,41,25,16,51,33,18,3,2,1
C3010,31,00,0000,State - LAKSHADWEEP  31,Urban,0-4,2497,1315,1182,229,126,103,229,126,103,0,0,0,0,0,0,0,0,0,0,0,0
C3010,31,00,0000,State - LAKSHADWEEP  31,Urban,5,578,310,268,249,127,122,249,127,122,0,0,0,0,0,0,0,0,0,0,0,0
C3010,31,00,0000,State - LAKSHADWEEP  31,Urban,6,491,252,239,369,191,178,369,191,178,0,0,0,0,0,0,0,0,0,0,0,0
C3010,31,00,0000,State - LAKSHADWEEP  31,Urban,7,583,301,282,560,288,272,560,288,272,0,0,0,0,0,0,0,0,0,0,0,0
C3010,31,00,0000,State - LAKSHADWEEP  31,Urban,8,566,289,277,552,284,268,552,284,268,0,0,0,0,0,0,0,0,0,0,0,0
C3010,31,00,0000,State - LAKSHADWEEP  31,Urban,9,561,294,267,548,285,263,548,285,263,0,0,0,0,0,0,0,0,0,0,0,0
C3010,31,00,0000,State - LAKSHADWEEP  31,Urban,10,678,362,316,666,352,314,666,352,314,0,0,0,0,0,0,0,0,0,0,0,0
C3010,31,00,0000,State - LAKSHADWEEP  31,Urban,11,620,349,271,612,345,267,612,345,267,0,0,0,0,0,0,0,0,0,0,0,0
C3010,31,00,0000,State - LAKSHADWEEP  31,Urban,12,743,396,347,723,386,337,723,386,337,0,0,0,0,0,0,0,0,0,0,0,0
C3010,31,00,0000,State - LAKSHADWEEP  31,Urban,13,678,370,308,661,360,301,661,360,301,0,0,0,0,0,0,0,0,0,0,0,0
C3010,31,00,0000,State - LAKSHADWEEP  31,Urban,14,682,357,325,634,342,292,634,342,292,0,0,0,0,0,0,0,0,0,0,0,0
C3010,31,00,0000,State - LAKSHADWEEP  31,Urban,15-19,2720,1416,1304,1555,943,612,1480,899,581,24,15,9,15,7,8,34,20,14,2,2,0
C3010,31,00,0000,State - LAKSHADWEEP  31,Urban,20-24,2473,1215,1258,155,109,46,96,72,24,30,17,13,17,11,6,12,9,3,0,0,0
C3010,31,00,0000,State - LAKSHADWEEP  31,Urban,25-29,2348,1149,1199,13,10,3,0,0,0,5,4,1,5,4,1,3,2,1,0,0,0
C3010,31,00,0000,State - LAKSHADWEEP  31,Urban,30-34,2010,987,1023,6,6,0,0,0,0,2,2,0,3,3,0,1,1,0,0,0,0
C3010,31,00,0000,State - LAKSHADWEEP  31,Urban,35-59,6894,3621,3273,1,1,0,0,0,0,0,0,0,0,0,0,1,1,0,0,0,0
C3010,31,00,0000,State - LAKSHADWEEP  31,Urban,60+,1826,944,882,2,0,2,0,0,0,0,0,0,1,0,1,0,0,0,1,0,1
C3010,31,00,0000,State - LAKSHADWEEP  31,Urban,Age not stated,19,13,6,0,0,0,0,0,0,0,0,0,0,0,0,0,0,0,0,0,0
C3010,32,00,0000,State - KERALA  32,Total,All ages,31841374,15468614,16372760,7422240,3768662,3653578,6448942,3277509,3171433,643450,297528,345922,221550,129342,92208,102911,62292,40619,5387,1991,3396
C3010,32,00,0000,State - KERALA  32,Total,0-4,2765164,1409487,1355677,123868,62244,61624,123868,62244,61624,0,0,0,0,0,0,0,0,0,0,0,0
C3010,32,00,0000,State - KERALA  32,Total,5,545221,279470,265751,201583,102402,99181,201583,102402,99181,0,0,0,0,0,0,0,0,0,0,0,0
C3010,32,00,0000,State - KERALA  32,Total,6,482761,246070,236691,354451,179573,174878,354451,179573,174878,0,0,0,0,0,0,0,0,0,0,0,0
C3010,32,00,0000,State - KERALA  32,Total,7,501471,254525,246946,480869,243790,237079,480869,243790,237079,0,0,0,0,0,0,0,0,0,0,0,0
C3010,32,00,0000,State - KERALA  32,Total,8,521674,265367,256307,509672,259136,250536,509672,259136,250536,0,0,0,0,0,0,0,0,0,0,0,0
C3010,32,00,0000,State - KERALA  32,Total,9,493054,250247,242807,484224,245705,238519,484224,245705,238519,0,0,0,0,0,0,0,0,0,0,0,0
C3010,32,00,0000,State - KERALA  32,Total,10,586773,302241,284532,574890,296147,278743,574890,296147,278743,0,0,0,0,0,0,0,0,0,0,0,0
C3010,32,00,0000,State - KERALA  32,Total,11,513612,262369,251243,505078,257990,247088,505078,257990,247088,0,0,0,0,0,0,0,0,0,0,0,0
C3010,32,00,0000,State - KERALA  32,Total,12,639568,329463,310105,626078,322395,303683,626078,322395,303683,0,0,0,0,0,0,0,0,0,0,0,0
C3010,32,00,0000,State - KERALA  32,Total,13,628616,315605,313011,612020,307135,304885,612020,307135,304885,0,0,0,0,0,0,0,0,0,0,0,0
C3010,32,00,0000,State - KERALA  32,Total,14,618631,314164,304467,587746,297710,290036,587746,297710,290036,0,0,0,0,0,0,0,0,0,0,0,0
C3010,32,00,0000,State - KERALA  32,Total,15-19,2984506,1484586,1499920,1799347,896468,902879,1343234,677302,665932,288262,122945,165317,114508,65937,48571,52866,30001,22865,477,283,194
C3010,32,00,0000,State - KERALA  32,Total,20-24,2983990,1440467,1543523,472209,243661,228548,45229,25980,19249,326258,157972,168286,72730,42422,30308,27268,16886,10382,724,401,323
C3010,32,00,0000,State - KERALA  32,Total,25-29,2786195,1296905,1489290,53934,33487,20447,0,0,0,20760,12390,8370,22123,13909,8214,10609,6973,3636,442,215,227
C3010,32,00,0000,State - KERALA  32,Total,30-34,2516463,1185807,1330656,12202,7045,5157,0,0,0,3386,1782,1604,4778,2696,2082,3656,2429,1227,382,138,244
C3010,32,00,0000,State - KERALA  32,Total,35-59,8911546,4333565,4577981,19622,11691,7931,0,0,0,3600,1838,1762,6226,3772,2454,7692,5474,2218,2104,607,1497
C3010,32,00,0000,State - KERALA  32,Total,60+,3335675,1484212,1851463,3978,1800,2178,0,0,0,935,461,474,1055,527,528,745,476,269,1243,336,907
C3010,32,00,0000,State - KERALA  32,Total,Age not stated,26454,14064,12390,469,283,186,0,0,0,249,140,109,130,79,51,75,53,22,15,11,4
C3010,32,00,0000,State - KERALA  32,Rural,All ages,23574449,11451282,12123167,5486377,2792574,2693803,4822156,2453567,2368589,432943,202961,229982,152358,89732,62626,74865,44804,30061,4055,1510,2545
C3010,32,00,0000,State - KERALA  32,Rural,0-4,2085053,1062041,1023012,87652,43811,43841,87652,43811,43841,0,0,0,0,0,0,0,0,0,0,0,0
C3010,32,00,0000,State - KERALA  32,Rural,5,411721,211062,200659,146872,74480,72392,146872,74480,72392,0,0,0,0,0,0,0,0,0,0,0,0
C3010,32,00,0000,State - KERALA  32,Rural,6,360912,184130,176782,264299,133895,130404,264299,133895,130404,0,0,0,0,0,0,0,0,0,0,0,0
C3010,32,00,0000,State - KERALA  32,Rural,7,374727,189816,184911,358657,181439,177218,358657,181439,177218,0,0,0,0,0,0,0,0,0,0,0,0
C3010,32,00,0000,State - KERALA  32,Rural,8,392035,199547,192488,382599,194629,187970,382599,194629,187970,0,0,0,0,0,0,0,0,0,0,0,0
C3010,32,00,0000,State - KERALA  32,Rural,9,371176,188296,182880,364314,184781,179533,364314,184781,179533,0,0,0,0,0,0,0,0,0,0,0,0
C3010,32,00,0000,State - KERALA  32,Rural,10,440991,227403,213588,431757,222680,209077,431757,222680,209077,0,0,0,0,0,0,0,0,0,0,0,0
C3010,32,00,0000,State - KERALA  32,Rural,11,384134,196364,187770,377651,193036,184615,377651,193036,184615,0,0,0,0,0,0,0,0,0,0,0,0
C3010,32,00,0000,State - KERALA  32,Rural,12,484350,249455,234895,473852,243982,229870,473852,243982,229870,0,0,0,0,0,0,0,0,0,0,0,0
C3010,32,00,0000,State - KERALA  32,Rural,13,474764,238342,236422,461803,231740,230063,461803,231740,230063,0,0,0,0,0,0,0,0,0,0,0,0
C3010,32,00,0000,State - KERALA  32,Rural,14,466731,236816,229915,442538,224006,218532,442538,224006,218532,0,0,0,0,0,0,0,0,0,0,0,0
C3010,32,00,0000,State - KERALA  32,Rural,15-19,2236959,1113279,1123680,1316139,660954,655185,996359,505500,490859,198150,85681,112469,80508,46639,33869,40758,22915,17843,364,219,145
C3010,32,00,0000,State - KERALA  32,Rural,20-24,2214417,1070197,1144220,321336,168668,152668,33803,19588,14215,216567,106530,110037,50420,29827,20593,20034,12440,7594,512,283,229
C3010,32,00,0000,State - KERALA  32,Rural,25-29,2050842,952190,1098652,34413,21723,12690,0,0,0,13443,8204,5239,13878,8870,5008,6777,4495,2282,315,154,161
C3010,32,00,0000,State - KERALA  32,Rural,30-34,1835928,862361,973567,7384,4357,3027,0,0,0,2036,1128,908,2837,1648,1189,2248,1485,763,263,96,167
C3010,32,00,0000,State - KERALA  32,Rural,35-59,6491737,3149610,3342127,12081,7014,5067,0,0,0,2017,1047,970,3903,2343,1560,4540,3155,1385,1621,469,1152
C3010,32,00,0000,State - KERALA  32,Rural,60+,2479112,1110329,1368783,2728,1187,1541,0,0,0,574,284,290,736,352,384,449,271,178,969,280,689
C3010,32,00,0000,State - KERALA  32,Rural,Age not stated,18860,10044,8816,302,192,110,0,0,0,156,87,69,76,53,23,59,43,16,11,9,2
C3010,32,00,0000,State - KERALA  32,Urban,All ages,8266925,4017332,4249593,1935863,976088,959775,1626786,823942,802844,210507,94567,115940,69192,39610,29582,28046,17488,10558,1332,481,851
C3010,32,00,0000,State - KERALA  32,Urban,0-4,680111,347446,332665,36216,18433,17783,36216,18433,17783,0,0,0,0,0,0,0,0,0,0,0,0
C3010,32,00,0000,State - KERALA  32,Urban,5,133500,68408,65092,54711,27922,26789,54711,27922,26789,0,0,0,0,0,0,0,0,0,0,0,0
C3010,32,00,0000,State - KERALA  32,Urban,6,121849,61940,59909,90152,45678,44474,90152,45678,44474,0,0,0,0,0,0,0,0,0,0,0,0
C3010,32,00,0000,State - KERALA  32,Urban,7,126744,64709,62035,122212,62351,59861,122212,62351,59861,0,0,0,0,0,0,0,0,0,0,0,0
C3010,32,00,0000,State - KERALA  32,Urban,8,129639,65820,63819,127073,64507,62566,127073,64507,62566,0,0,0,0,0,0,0,0,0,0,0,0
C3010,32,00,0000,State - KERALA  32,Urban,9,121878,61951,59927,119910,60924,58986,119910,60924,58986,0,0,0,0,0,0,0,0,0,0,0,0
C3010,32,00,0000,State - KERALA  32,Urban,10,145782,74838,70944,143133,73467,69666,143133,73467,69666,0,0,0,0,0,0,0,0,0,0,0,0
C3010,32,00,0000,State - KERALA  32,Urban,11,129478,66005,63473,127427,64954,62473,127427,64954,62473,0,0,0,0,0,0,0,0,0,0,0,0
C3010,32,00,0000,State - KERALA  32,Urban,12,155218,80008,75210,152226,78413,73813,152226,78413,73813,0,0,0,0,0,0,0,0,0,0,0,0
C3010,32,00,0000,State - KERALA  32,Urban,13,153852,77263,76589,150217,75395,74822,150217,75395,74822,0,0,0,0,0,0,0,0,0,0,0,0
C3010,32,00,0000,State - KERALA  32,Urban,14,151900,77348,74552,145208,73704,71504,145208,73704,71504,0,0,0,0,0,0,0,0,0,0,0,0
C3010,32,00,0000,State - KERALA  32,Urban,15-19,747547,371307,376240,483208,235514,247694,346875,171802,175073,90112,37264,52848,34000,19298,14702,12108,7086,5022,113,64,49
C3010,32,00,0000,State - KERALA  32,Urban,20-24,769573,370270,399303,150873,74993,75880,11426,6392,5034,109691,51442,58249,22310,12595,9715,7234,4446,2788,212,118,94
C3010,32,00,0000,State - KERALA  32,Urban,25-29,735353,344715,390638,19521,11764,7757,0,0,0,7317,4186,3131,8245,5039,3206,3832,2478,1354,127,61,66
C3010,32,00,0000,State - KERALA  32,Urban,30-34,680535,323446,357089,4818,2688,2130,0,0,0,1350,654,696,1941,1048,893,1408,944,464,119,42,77
C3010,32,00,0000,State - KERALA  32,Urban,35-59,2419809,1183955,1235854,7541,4677,2864,0,0,0,1583,791,792,2323,1429,894,3152,2319,833,483,138,345
C3010,32,00,0000,State - KERALA  32,Urban,60+,856563,373883,482680,1250,613,637,0,0,0,361,177,184,319,175,144,296,205,91,274,56,218
C3010,32,00,0000,State - KERALA  32,Urban,Age not stated,7594,4020,3574,167,91,76,0,0,0,93,53,40,54,26,28,16,10,6,4,2,2
C3010,33,00,0000,State - TAMIL NADU  33,Total,All ages,62405679,31400909,31004770,13588307,7179855,6408452,12596995,6584608,6012387,717796,418555,299241,196527,133886,62641,59537,33815,25722,17452,8991,8461
C3010,33,00,0000,State - TAMIL NADU  33,Total,0-4,5098462,2619883,2478579,306817,159980,146837,306817,159980,146837,0,0,0,0,0,0,0,0,0,0,0,0
C3010,33,00,0000,State - TAMIL NADU  33,Total,5,1108208,575431,532777,524591,273761,250830,524591,273761,250830,0,0,0,0,0,0,0,0,0,0,0,0
C3010,33,00,0000,State - TAMIL NADU  33,Total,6,1028490,530302,498188,784451,405649,378802,784451,405649,378802,0,0,0,0,0,0,0,0,0,0,0,0
C3010,33,00,0000,State - TAMIL NADU  33,Total,7,1151945,594075,557870,1051147,544051,507096,1051147,544051,507096,0,0,0,0,0,0,0,0,0,0,0,0
C3010,33,00,0000,State - TAMIL NADU  33,Total,8,1215263,617029,598234,1132647,577293,555354,1132647,577293,555354,0,0,0,0,0,0,0,0,0,0,0,0
C3010,33,00,0000,State - TAMIL NADU  33,Total,9,1096180,558557,537623,1031555,527769,503786,1031555,527769,503786,0,0,0,0,0,0,0,0,0,0,0,0
C3010,33,00,0000,State - TAMIL NADU  33,Total,10,1361472,706839,654633,1235662,645897,589765,1235662,645897,589765,0,0,0,0,0,0,0,0,0,0,0,0
C3010,33,00,0000,State - TAMIL NADU  33,Total,11,1032455,533545,498910,950881,494272,456609,950881,494272,456609,0,0,0,0,0,0,0,0,0,0,0,0
C3010,33,00,0000,State - TAMIL NADU  33,Total,12,1312936,680658,632278,1141257,598384,542873,1141257,598384,542873,0,0,0,0,0,0,0,0,0,0,0,0
C3010,33,00,0000,State - TAMIL NADU  33,Total,13,1204733,606677,598056,1016582,520891,495691,1016582,520891,495691,0,0,0,0,0,0,0,0,0,0,0,0
C3010,33,00,0000,State - TAMIL NADU  33,Total,14,1100730,559084,541646,868254,451288,416966,868254,451288,416966,0,0,0,0,0,0,0,0,0,0,0,0
C3010,33,00,0000,State - TAMIL NADU  33,Total,15-19,6183767,3135595,3048172,2736839,1485441,1251398,2350568,1266548,1084020,260337,136785,123552,102950,70176,32774,22244,11574,10670,740,358,382
C3010,33,00,0000,State - TAMIL NADU  33,Total,20-24,5801384,2872914,2928470,673950,406762,267188,202583,118825,83758,392536,237123,155413,60026,40875,19151,17047,9138,7909,1758,801,957
C3010,33,00,0000,State - TAMIL NADU  33,Total,25-29,5719070,2732907,2986163,66982,47077,19905,0,0,0,37300,26495,10805,16894,12656,4238,10398,6937,3461,2390,989,1401
C3010,33,00,0000,State - TAMIL NADU  33,Total,30-34,4687799,2344412,2343387,19250,12157,7093,0,0,0,8944,5885,3059,4703,3143,1560,3611,2197,1414,1992,932,1060
C3010,33,00,0000,State - TAMIL NADU  33,Total,35-59,17366443,8773413,8593030,32618,20261,12357,0,0,0,11979,8286,3693,7670,4411,3259,4806,3116,1690,8163,4448,3715
C3010,33,00,0000,State - TAMIL NADU  33,Total,60+,5507400,2735800,2771600,7698,4742,2956,0,0,0,2423,1628,795,2216,1239,977,885,549,336,2174,1326,848
C3010,33,00,0000,State - TAMIL NADU  33,Total,Age not stated,428942,223788,205154,7126,4180,2946,0,0,0,4277,2353,1924,2068,1386,682,546,304,242,235,137,98
C3010,33,00,0000,State - TAMIL NADU  33,Rural,All ages,34921681,17531494,17390187,7399959,3969660,3430299,7059230,3745175,3314055,232299,152033,80266,76755,54835,21920,20469,12111,8358,11206,5506,5700
C3010,33,00,0000,State - TAMIL NADU  33,Rural,0-4,2999803,1548451,1451352,124814,65958,58856,124814,65958,58856,0,0,0,0,0,0,0,0,0,0,0,0
C3010,33,00,0000,State - TAMIL NADU  33,Rural,5,634167,330862,303305,287272,150996,136276,287272,150996,136276,0,0,0,0,0,0,0,0,0,0,0,0
C3010,33,00,0000,State - TAMIL NADU  33,Rural,6,598674,310682,287992,465777,242581,223196,465777,242581,223196,0,0,0,0,0,0,0,0,0,0,0,0
C3010,33,00,0000,State - TAMIL NADU  33,Rural,7,686361,354258,332103,626313,324856,301457,626313,324856,301457,0,0,0,0,0,0,0,0,0,0,0,0
C3010,33,00,0000,State - TAMIL NADU  33,Rural,8,725858,370496,355362,676519,347340,329179,676519,347340,329179,0,0,0,0,0,0,0,0,0,0,0,0
C3010,33,00,0000,State - TAMIL NADU  33,Rural,9,660489,338179,322310,621775,320100,301675,621775,320100,301675,0,0,0,0,0,0,0,0,0,0,0,0
C3010,33,00,0000,State - TAMIL NADU  33,Rural,10,798840,415721,383119,720784,379044,341740,720784,379044,341740,0,0,0,0,0,0,0,0,0,0,0,0
C3010,33,00,0000,State - TAMIL NADU  33,Rural,11,587871,304877,282994,539843,282719,257124,539843,282719,257124,0,0,0,0,0,0,0,0,0,0,0,0
C3010,33,00,0000,State - TAMIL NADU  33,Rural,12,774697,402925,371772,663046,351349,311697,663046,351349,311697,0,0,0,0,0,0,0,0,0,0,0,0
C3010,33,00,0000,State - TAMIL NADU  33,Rural,13,694582,351401,343181,573557,298684,274873,573557,298684,274873,0,0,0,0,0,0,0,0,0,0,0,0
C3010,33,00,0000,State - TAMIL NADU  33,Rural,14,620590,316861,303729,473277,251143,222134,473277,251143,222134,0,0,0,0,0,0,0,0,0,0,0,0
C3010,33,00,0000,State - TAMIL NADU  33,Rural,15-19,3477060,1771011,1706049,1323795,755618,568177,1187047,668815,518232,86165,51603,34562,41561,30195,11366,8615,4827,3788,407,178,229
C3010,33,00,0000,State - TAMIL NADU  33,Rural,20-24,3104691,1551058,1553633,254832,166625,88207,99206,61590,37616,126862,85533,41329,22306,16006,6300,5431,3086,2345,1027,410,617
C3010,33,00,0000,State - TAMIL NADU  33,Rural,25-29,3053491,1452229,1601262,23294,17153,6141,0,0,0,12691,9947,2744,6130,4666,1464,2979,2019,960,1494,521,973
C3010,33,00,0000,State - TAMIL NADU  33,Rural,30-34,2463318,1214333,1248985,6795,4374,2421,0,0,0,2633,1972,661,1787,1174,613,1083,686,397,1292,542,750
C3010,33,00,0000,State - TAMIL NADU  33,Rural,35-59,9655593,4797207,4858386,13515,8100,5415,0,0,0,2847,2224,623,3362,1810,1552,1822,1154,668,5484,2912,2572
C3010,33,00,0000,State - TAMIL NADU  33,Rural,60+,3222748,1615844,1606904,3389,2107,1282,0,0,0,493,355,138,1067,594,473,411,263,148,1418,895,523
C3010,33,00,0000,State - TAMIL NADU  33,Rural,Age not stated,162848,85099,77749,1362,913,449,0,0,0,608,399,209,542,390,152,128,76,52,84,48,36
C3010,33,00,0000,State - TAMIL NADU  33,Urban,All ages,27483998,13869415,13614583,6188348,3210195,2978153,5537765,2839433,2698332,485497,266522,218975,119772,79051,40721,39068,21704,17364,6246,3485,2761
C3010,33,00,0000,State - TAMIL NADU  33,Urban,0-4,2098659,1071432,1027227,182003,94022,87981,182003,94022,87981,0,0,0,0,0,0,0,0,0,0,0,0
C3010,33,00,0000,State - TAMIL NADU  33,Urban,5,474041,244569,229472,237319,122765,114554,237319,122765,114554,0,0,0,0,0,0,0,0,0,0,0,0
C3010,33,00,0000,State - TAMIL NADU  33,Urban,6,429816,219620,210196,318674,163068,155606,318674,163068,155606,0,0,0,0,0,0,0,0,0,0,0,0
C3010,33,00,0000,State - TAMIL NADU  33,Urban,7,465584,239817,225767,424834,219195,205639,424834,219195,205639,0,0,0,0,0,0,0,0,0,0,0,0
C3010,33,00,0000,State - TAMIL NADU  33,Urban,8,489405,246533,242872,456128,229953,226175,456128,229953,226175,0,0,0,0,0,0,0,0,0,0,0,0
C3010,33,00,0000,State - TAMIL NADU  33,Urban,9,435691,220378,215313,409780,207669,202111,409780,207669,202111,0,0,0,0,0,0,0,0,0,0,0,0
C3010,33,00,0000,State - TAMIL NADU  33,Urban,10,562632,291118,271514,514878,266853,248025,514878,266853,248025,0,0,0,0,0,0,0,0,0,0,0,0
C3010,33,00,0000,State - TAMIL NADU  33,Urban,11,444584,228668,215916,411038,211553,199485,411038,211553,199485,0,0,0,0,0,0,0,0,0,0,0,0
C3010,33,00,0000,State - TAMIL NADU  33,Urban,12,538239,277733,260506,478211,247035,231176,478211,247035,231176,0,0,0,0,0,0,0,0,0,0,0,0
C3010,33,00,0000,State - TAMIL NADU  33,Urban,13,510151,255276,254875,443025,222207,220818,443025,222207,220818,0,0,0,0,0,0,0,0,0,0,0,0
C3010,33,00,0000,State - TAMIL NADU  33,Urban,14,480140,242223,237917,394977,200145,194832,394977,200145,194832,0,0,0,0,0,0,0,0,0,0,0,0
C3010,33,00,0000,State - TAMIL NADU  33,Urban,15-19,2706707,1364584,1342123,1413044,729823,683221,1163521,597733,565788,174172,85182,88990,61389,39981,21408,13629,6747,6882,333,180,153
C3010,33,00,0000,State - TAMIL NADU  33,Urban,20-24,2696693,1321856,1374837,419118,240137,178981,103377,57235,46142,265674,151590,114084,37720,24869,12851,11616,6052,5564,731,391,340
C3010,33,00,0000,State - TAMIL NADU  33,Urban,25-29,2665579,1280678,1384901,43688,29924,13764,0,0,0,24609,16548,8061,10764,7990,2774,7419,4918,2501,896,468,428
C3010,33,00,0000,State - TAMIL NADU  33,Urban,30-34,2224481,1130079,1094402,12455,7783,4672,0,0,0,6311,3913,2398,2916,1969,947,2528,1511,1017,700,390,310
C3010,33,00,0000,State - TAMIL NADU  33,Urban,35-59,7710850,3976206,3734644,19103,12161,6942,0,0,0,9132,6062,3070,4308,2601,1707,2984,1962,1022,2679,1536,1143
C3010,33,00,0000,State - TAMIL NADU  33,Urban,60+,2284652,1119956,1164696,4309,2635,1674,0,0,0,1930,1273,657,1149,645,504,474,286,188,756,431,325
C3010,33,00,0000,State - TAMIL NADU  33,Urban,Age not stated,266094,138689,127405,5764,3267,2497,0,0,0,3669,1954,1715,1526,996,530,418,228,190,151,89,62
C3010,34,00,0000,State - PONDICHERRY  34,Total,All ages,974345,486961,487384,243428,128379,115049,213171,110318,102853,22200,12980,9220,5417,3603,1814,2469,1390,1079,171,88,83
C3010,34,00,0000,State - PONDICHERRY  34,Total,0-4,84617,42930,41687,9031,4720,4311,9031,4720,4311,0,0,0,0,0,0,0,0,0,0,0,0
C3010,34,00,0000,State - PONDICHERRY  34,Total,5,17141,8797,8344,9658,4982,4676,9658,4982,4676,0,0,0,0,0,0,0,0,0,0,0,0
C3010,34,00,0000,State - PONDICHERRY  34,Total,6,15401,7838,7563,12358,6294,6064,12358,6294,6064,0,0,0,0,0,0,0,0,0,0,0,0
C3010,34,00,0000,State - PONDICHERRY  34,Total,7,16511,8449,8062,15710,8035,7675,15710,8035,7675,0,0,0,0,0,0,0,0,0,0,0,0
C3010,34,00,0000,State - PONDICHERRY  34,Total,8,18012,9142,8870,17408,8847,8561,17408,8847,8561,0,0,0,0,0,0,0,0,0,0,0,0
C3010,34,00,0000,State - PONDICHERRY  34,Total,9,16588,8514,8074,16168,8313,7855,16168,8313,7855,0,0,0,0,0,0,0,0,0,0,0,0
C3010,34,00,0000,State - PONDICHERRY  34,Total,10,20318,10478,9840,19585,10127,9458,19585,10127,9458,0,0,0,0,0,0,0,0,0,0,0,0
C3010,34,00,0000,State - PONDICHERRY  34,Total,11,17130,8806,8324,16560,8514,8046,16560,8514,8046,0,0,0,0,0,0,0,0,0,0,0,0
C3010,34,00,0000,State - PONDICHERRY  34,Total,12,20283,10391,9892,19062,9814,9248,19062,9814,9248,0,0,0,0,0,0,0,0,0,0,0,0
C3010,34,00,0000,State - PONDICHERRY  34,Total,13,18991,9476,9515,17541,8813,8728,17541,8813,8728,0,0,0,0,0,0,0,0,0,0,0,0
C3010,34,00,0000,State - PONDICHERRY  34,Total,14,17694,8940,8754,15474,7899,7575,15474,7899,7575,0,0,0,0,0,0,0,0,0,0,0,0
C3010,34,00,0000,State - PONDICHERRY  34,Total,15-19,97688,49398,48290,53457,28576,24881,42436,22620,19816,7024,3597,3427,3181,2020,1161,805,331,474,11,8,3
C3010,34,00,0000,State - PONDICHERRY  34,Total,20-24,97694,48028,49666,16761,10165,6596,2180,1340,840,12525,7518,5007,1476,1003,473,555,289,266,25,15,10
C3010,34,00,0000,State - PONDICHERRY  34,Total,25-29,96515,45974,50541,2845,1985,860,0,0,0,1756,1214,542,486,376,110,574,382,192,29,13,16
C3010,34,00,0000,State - PONDICHERRY  34,Total,30-34,81221,41258,39963,817,568,249,0,0,0,419,294,125,137,100,37,238,160,78,23,14,9
C3010,34,00,0000,State - PONDICHERRY  34,Total,35-59,256712,131599,125113,918,678,240,0,0,0,446,335,111,121,94,27,285,221,64,66,28,38
C3010,34,00,0000,State - PONDICHERRY  34,Total,60+,81016,36461,44555,67,43,24,0,0,0,23,17,6,15,9,6,12,7,5,17,10,7
C3010,34,00,0000,State - PONDICHERRY  34,Total,Age not stated,813,482,331,8,6,2,0,0,0,7,5,2,1,1,0,0,0,0,0,0,0
C3010,34,00,0000,State - PONDICHERRY  34,Rural,All ages,325726,163703,162023,79519,42495,37024,73266,38354,34912,4284,2756,1528,1393,1024,369,521,329,192,55,32,23
C3010,34,00,0000,State - PONDICHERRY  34,Rural,0-4,30538,15500,15038,2752,1458,1294,2752,1458,1294,0,0,0,0,0,0,0,0,0,0,0,0
C3010,34,00,0000,State - PONDICHERRY  34,Rural,5,6109,3136,2973,3321,1690,1631,3321,1690,1631,0,0,0,0,0,0,0,0,0,0,0,0
C3010,34,00,0000,State - PONDICHERRY  34,Rural,6,5174,2624,2550,4311,2201,2110,4311,2201,2110,0,0,0,0,0,0,0,0,0,0,0,0
C3010,34,00,0000,State - PONDICHERRY  34,Rural,7,5784,2970,2814,5513,2829,2684,5513,2829,2684,0,0,0,0,0,0,0,0,0,0,0,0
C3010,34,00,0000,State - PONDICHERRY  34,Rural,8,6356,3223,3133,6167,3124,3043,6167,3124,3043,0,0,0,0,0,0,0,0,0,0,0,0
C3010,34,00,0000,State - PONDICHERRY  34,Rural,9,6073,3145,2928,5939,3088,2851,5939,3088,2851,0,0,0,0,0,0,0,0,0,0,0,0
C3010,34,00,0000,State - PONDICHERRY  34,Rural,10,7169,3743,3426,6935,3622,3313,6935,3622,3313,0,0,0,0,0,0,0,0,0,0,0,0
C3010,34,00,0000,State - PONDICHERRY  34,Rural,11,6054,3073,2981,5861,2988,2873,5861,2988,2873,0,0,0,0,0,0,0,0,0,0,0,0
C3010,34,00,0000,State - PONDICHERRY  34,Rural,12,7037,3559,3478,6633,3394,3239,6633,3394,3239,0,0,0,0,0,0,0,0,0,0,0,0
C3010,34,00,0000,State - PONDICHERRY  34,Rural,13,6642,3284,3358,6134,3084,3050,6134,3084,3050,0,0,0,0,0,0,0,0,0,0,0,0
C3010,34,00,0000,State - PONDICHERRY  34,Rural,14,6206,3161,3045,5392,2804,2588,5392,2804,2588,0,0,0,0,0,0,0,0,0,0,0,0
C3010,34,00,0000,State - PONDICHERRY  34,Rural,15-19,34015,17358,16657,16108,9172,6936,13666,7643,6023,1357,769,588,912,656,256,172,103,69,1,1,0
C3010,34,00,0000,State - PONDICHERRY  34,Rural,20-24,32112,16083,16029,3549,2344,1205,642,429,213,2397,1576,821,346,252,94,155,84,71,9,3,6
C3010,34,00,0000,State - PONDICHERRY  34,Rural,25-29,31345,15007,16338,586,455,131,0,0,0,382,299,83,83,74,9,110,77,33,11,5,6
C3010,34,00,0000,State - PONDICHERRY  34,Rural,30-34,25333,13042,12291,154,124,30,0,0,0,77,60,17,29,25,4,44,35,9,4,4,0
C3010,34,00,0000,State - PONDICHERRY  34,Rural,35-59,82731,42008,40723,145,106,39,0,0,0,67,49,18,21,16,5,35,28,7,22,13,9
C3010,34,00,0000,State - PONDICHERRY  34,Rural,60+,26876,12680,14196,17,10,7,0,0,0,2,1,1,2,1,1,5,2,3,8,6,2
C3010,34,00,0000,State - PONDICHERRY  34,Rural,Age not stated,172,107,65,2,2,0,0,0,0,2,2,0,0,0,0,0,0,0,0,0,0
C3010,34,00,0000,State - PONDICHERRY  34,Urban,All ages,648619,323258,325361,163909,85884,78025,139905,71964,67941,17916,10224,7692,4024,2579,1445,1948,1061,887,116,56,60
C3010,34,00,0000,State - PONDICHERRY  34,Urban,0-4,54079,27430,26649,6279,3262,3017,6279,3262,3017,0,0,0,0,0,0,0,0,0,0,0,0
C3010,34,00,0000,State - PONDICHERRY  34,Urban,5,11032,5661,5371,6337,3292,3045,6337,3292,3045,0,0,0,0,0,0,0,0,0,0,0,0
C3010,34,00,0000,State - PONDICHERRY  34,Urban,6,10227,5214,5013,8047,4093,3954,8047,4093,3954,0,0,0,0,0,0,0,0,0,0,0,0
C3010,34,00,0000,State - PONDICHERRY  34,Urban,7,10727,5479,5248,10197,5206,4991,10197,5206,4991,0,0,0,0,0,0,0,0,0,0,0,0
C3010,34,00,0000,State - PONDICHERRY  34,Urban,8,11656,5919,5737,11241,5723,5518,11241,5723,5518,0,0,0,0,0,0,0,0,0,0,0,0
C3010,34,00,0000,State - PONDICHERRY  34,Urban,9,10515,5369,5146,10229,5225,5004,10229,5225,5004,0,0,0,0,0,0,0,0,0,0,0,0
C3010,34,00,0000,State - PONDICHERRY  34,Urban,10,13149,6735,6414,12650,6505,6145,12650,6505,6145,0,0,0,0,0,0,0,0,0,0,0,0
C3010,34,00,0000,State - PONDICHERRY  34,Urban,11,11076,5733,5343,10699,5526,5173,10699,5526,5173,0,0,0,0,0,0,0,0,0,0,0,0
C3010,34,00,0000,State - PONDICHERRY  34,Urban,12,13246,6832,6414,12429,6420,6009,12429,6420,6009,0,0,0,0,0,0,0,0,0,0,0,0
C3010,34,00,0000,State - PONDICHERRY  34,Urban,13,12349,6192,6157,11407,5729,5678,11407,5729,5678,0,0,0,0,0,0,0,0,0,0,0,0
C3010,34,00,0000,State - PONDICHERRY  34,Urban,14,11488,5779,5709,10082,5095,4987,10082,5095,4987,0,0,0,0,0,0,0,0,0,0,0,0
C3010,34,00,0000,State - PONDICHERRY  34,Urban,15-19,63673,32040,31633,37349,19404,17945,28770,14977,13793,5667,2828,2839,2269,1364,905,633,228,405,10,7,3
C3010,34,00,0000,State - PONDICHERRY  34,Urban,20-24,65582,31945,33637,13212,7821,5391,1538,911,627,10128,5942,4186,1130,751,379,400,205,195,16,12,4
C3010,34,00,0000,State - PONDICHERRY  34,Urban,25-29,65170,30967,34203,2259,1530,729,0,0,0,1374,915,459,403,302,101,464,305,159,18,8,10
C3010,34,00,0000,State - PONDICHERRY  34,Urban,30-34,55888,28216,27672,663,444,219,0,0,0,342,234,108,108,75,33,194,125,69,19,10,9
C3010,34,00,0000,State - PONDICHERRY  34,Urban,35-59,173981,89591,84390,773,572,201,0,0,0,379,286,93,100,78,22,250,193,57,44,15,29
C3010,34,00,0000,State - PONDICHERRY  34,Urban,60+,54140,23781,30359,50,33,17,0,0,0,21,16,5,13,8,5,7,5,2,9,4,5
C3010,34,00,0000,State - PONDICHERRY  34,Urban,Age not stated,641,375,266,6,4,2,0,0,0,5,3,2,1,1,0,0,0,0,0,0,0
C3010,35,00,0000,State - ANDAMAN & NICOBAR ISLANDS  35,Total,All ages,356152,192972,163180,88387,46306,42081,83281,43539,39742,3547,1947,1600,818,398,420,669,384,285,72,38,34
C3010,35,00,0000,State - ANDAMAN & NICOBAR ISLANDS  35,Total,0-4,31241,15956,15285,1747,910,837,1747,910,837,0,0,0,0,0,0,0,0,0,0,0,0
C3010,35,00,0000,State - ANDAMAN & NICOBAR ISLANDS  35,Total,5,6959,3563,3396,2347,1225,1122,2347,1225,1122,0,0,0,0,0,0,0,0,0,0,0,0
C3010,35,00,0000,State - ANDAMAN & NICOBAR ISLANDS  35,Total,6,6581,3366,3215,3967,2068,1899,3967,2068,1899,0,0,0,0,0,0,0,0,0,0,0,0
C3010,35,00,0000,State - ANDAMAN & NICOBAR ISLANDS  35,Total,7,6757,3446,3311,5883,3013,2870,5883,3013,2870,0,0,0,0,0,0,0,0,0,0,0,0
C3010,35,00,0000,State - ANDAMAN & NICOBAR ISLANDS  35,Total,8,7302,3713,3589,6590,3368,3222,6590,3368,3222,0,0,0,0,0,0,0,0,0,0,0,0
C3010,35,00,0000,State - ANDAMAN & NICOBAR ISLANDS  35,Total,9,6450,3222,3228,6017,3034,2983,6017,3034,2983,0,0,0,0,0,0,0,0,0,0,0,0
C3010,35,00,0000,State - ANDAMAN & NICOBAR ISLANDS  35,Total,10,8491,4379,4112,7722,3991,3731,7722,3991,3731,0,0,0,0,0,0,0,0,0,0,0,0
C3010,35,00,0000,State - ANDAMAN & NICOBAR ISLANDS  35,Total,11,6675,3437,3238,6214,3224,2990,6214,3224,2990,0,0,0,0,0,0,0,0,0,0,0,0
C3010,35,00,0000,State - ANDAMAN & NICOBAR ISLANDS  35,Total,12,8629,4504,4125,7753,4059,3694,7753,4059,3694,0,0,0,0,0,0,0,0,0,0,0,0
C3010,35,00,0000,State - ANDAMAN & NICOBAR ISLANDS  35,Total,13,7388,3725,3663,6561,3337,3224,6561,3337,3224,0,0,0,0,0,0,0,0,0,0,0,0
C3010,35,00,0000,State - ANDAMAN & NICOBAR ISLANDS  35,Total,14,7571,3879,3692,6461,3325,3136,6461,3325,3136,0,0,0,0,0,0,0,0,0,0,0,0
C3010,35,00,0000,State - ANDAMAN & NICOBAR ISLANDS  35,Total,15-19,38448,20801,17647,21616,11554,10062,20134,10868,9266,989,465,524,295,129,166,189,86,103,9,6,3
C3010,35,00,0000,State - ANDAMAN & NICOBAR ISLANDS  35,Total,20-24,38290,20956,17334,4685,2687,1998,1885,1117,768,2231,1273,958,326,164,162,235,130,105,8,3,5
C3010,35,00,0000,State - ANDAMAN & NICOBAR ISLANDS  35,Total,25-29,36751,19383,17368,468,279,189,0,0,0,220,138,82,106,51,55,136,86,50,6,4,2
C3010,35,00,0000,State - ANDAMAN & NICOBAR ISLANDS  35,Total,30-34,28599,15911,12688,148,101,47,0,0,0,49,34,15,31,16,15,52,42,10,16,9,7
C3010,35,00,0000,State - ANDAMAN & NICOBAR ISLANDS  35,Total,35-59,90375,51685,38690,178,118,60,0,0,0,43,32,11,53,34,19,54,39,15,28,13,15
C3010,35,00,0000,State - ANDAMAN & NICOBAR ISLANDS  35,Total,60+,17366,9834,7532,7,3,4,0,0,0,2,1,1,1,0,1,0,0,0,4,2,2
C3010,35,00,0000,State - ANDAMAN & NICOBAR ISLANDS  35,Total,Age not stated,2279,1212,1067,23,10,13,0,0,0,13,4,9,6,4,2,3,1,2,1,1,0
C3010,35,00,0000,State - ANDAMAN & NICOBAR ISLANDS  35,Rural,All ages,239954,128961,110993,58246,30555,27691,56227,29425,26802,1319,761,558,342,172,170,302,163,139,56,34,22
C3010,35,00,0000,State - ANDAMAN & NICOBAR ISLANDS  35,Rural,0-4,22076,11211,10865,1125,567,558,1125,567,558,0,0,0,0,0,0,0,0,0,0,0,0
C3010,35,00,0000,State - ANDAMAN & NICOBAR ISLANDS  35,Rural,5,4838,2469,2369,1514,791,723,1514,791,723,0,0,0,0,0,0,0,0,0,0,0,0
C3010,35,00,0000,State - ANDAMAN & NICOBAR ISLANDS  35,Rural,6,4529,2316,2213,2661,1372,1289,2661,1372,1289,0,0,0,0,0,0,0,0,0,0,0,0
C3010,35,00,0000,State - ANDAMAN & NICOBAR ISLANDS  35,Rural,7,4660,2385,2275,3959,2030,1929,3959,2030,1929,0,0,0,0,0,0,0,0,0,0,0,0
C3010,35,00,0000,State - ANDAMAN & NICOBAR ISLANDS  35,Rural,8,5030,2586,2444,4446,2314,2132,4446,2314,2132,0,0,0,0,0,0,0,0,0,0,0,0
C3010,35,00,0000,State - ANDAMAN & NICOBAR ISLANDS  35,Rural,9,4450,2197,2253,4074,2040,2034,4074,2040,2034,0,0,0,0,0,0,0,0,0,0,0,0
C3010,35,00,0000,State - ANDAMAN & NICOBAR ISLANDS  35,Rural,10,5873,3040,2833,5252,2720,2532,5252,2720,2532,0,0,0,0,0,0,0,0,0,0,0,0
C3010,35,00,0000,State - ANDAMAN & NICOBAR ISLANDS  35,Rural,11,4626,2382,2244,4257,2218,2039,4257,2218,2039,0,0,0,0,0,0,0,0,0,0,0,0
C3010,35,00,0000,State - ANDAMAN & NICOBAR ISLANDS  35,Rural,12,6116,3203,2913,5420,2854,2566,5420,2854,2566,0,0,0,0,0,0,0,0,0,0,0,0
C3010,35,00,0000,State - ANDAMAN & NICOBAR ISLANDS  35,Rural,13,5065,2524,2541,4381,2203,2178,4381,2203,2178,0,0,0,0,0,0,0,0,0,0,0,0
C3010,35,00,0000,State - ANDAMAN & NICOBAR ISLANDS  35,Rural,14,5344,2766,2578,4451,2316,2135,4451,2316,2135,0,0,0,0,0,0,0,0,0,0,0,0
C3010,35,00,0000,State - ANDAMAN & NICOBAR ISLANDS  35,Rural,15-19,26294,14132,12162,14062,7569,6493,13421,7250,6171,390,201,189,138,65,73,106,48,58,7,5,2
C3010,35,00,0000,State - ANDAMAN & NICOBAR ISLANDS  35,Rural,20-24,24427,13026,11401,2288,1339,949,1266,750,516,782,468,314,137,67,70,98,51,47,5,3,2
C3010,35,00,0000,State - ANDAMAN & NICOBAR ISLANDS  35,Rural,25-29,23472,12219,11253,193,107,86,0,0,0,101,58,43,36,18,18,53,30,23,3,1,2
C3010,35,00,0000,State - ANDAMAN & NICOBAR ISLANDS  35,Rural,30-34,18363,10013,8350,62,47,15,0,0,0,22,17,5,11,7,4,17,14,3,12,9,3
C3010,35,00,0000,State - ANDAMAN & NICOBAR ISLANDS  35,Rural,35-59,60064,34190,25874,89,62,27,0,0,0,19,15,4,19,14,5,27,20,7,24,13,11
C3010,35,00,0000,State - ANDAMAN & NICOBAR ISLANDS  35,Rural,60+,13168,7497,5671,4,2,2,0,0,0,0,0,0,0,0,0,0,0,0,4,2,2
C3010,35,00,0000,State - ANDAMAN & NICOBAR ISLANDS  35,Rural,Age not stated,1559,805,754,8,4,4,0,0,0,5,2,3,1,1,0,1,0,1,1,1,0
C3010,35,00,0000,State - ANDAMAN & NICOBAR ISLANDS  35,Urban,All ages,116198,64011,52187,30141,15751,14390,27054,14114,12940,2228,1186,1042,476,226,250,367,221,146,16,4,12
C3010,35,00,0000,State - ANDAMAN & NICOBAR ISLANDS  35,Urban,0-4,9165,4745,4420,622,343,279,622,343,279,0,0,0,0,0,0,0,0,0,0,0,0
C3010,35,00,0000,State - ANDAMAN & NICOBAR ISLANDS  35,Urban,5,2121,1094,1027,833,434,399,833,434,399,0,0,0,0,0,0,0,0,0,0,0,0
C3010,35,00,0000,State - ANDAMAN & NICOBAR ISLANDS  35,Urban,6,2052,1050,1002,1306,696,610,1306,696,610,0,0,0,0,0,0,0,0,0,0,0,0
C3010,35,00,0000,State - ANDAMAN & NICOBAR ISLANDS  35,Urban,7,2097,1061,1036,1924,983,941,1924,983,941,0,0,0,0,0,0,0,0,0,0,0,0
C3010,35,00,0000,State - ANDAMAN & NICOBAR ISLANDS  35,Urban,8,2272,1127,1145,2144,1054,1090,2144,1054,1090,0,0,0,0,0,0,0,0,0,0,0,0
C3010,35,00,0000,State - ANDAMAN & NICOBAR ISLANDS  35,Urban,9,2000,1025,975,1943,994,949,1943,994,949,0,0,0,0,0,0,0,0,0,0,0,0
C3010,35,00,0000,State - ANDAMAN & NICOBAR ISLANDS  35,Urban,10,2618,1339,1279,2470,1271,1199,2470,1271,1199,0,0,0,0,0,0,0,0,0,0,0,0
C3010,35,00,0000,State - ANDAMAN & NICOBAR ISLANDS  35,Urban,11,2049,1055,994,1957,1006,951,1957,1006,951,0,0,0,0,0,0,0,0,0,0,0,0
C3010,35,00,0000,State - ANDAMAN & NICOBAR ISLANDS  35,Urban,12,2513,1301,1212,2333,1205,1128,2333,1205,1128,0,0,0,0,0,0,0,0,0,0,0,0
C3010,35,00,0000,State - ANDAMAN & NICOBAR ISLANDS  35,Urban,13,2323,1201,1122,2180,1134,1046,2180,1134,1046,0,0,0,0,0,0,0,0,0,0,0,0
C3010,35,00,0000,State - ANDAMAN & NICOBAR ISLANDS  35,Urban,14,2227,1113,1114,2010,1009,1001,2010,1009,1001,0,0,0,0,0,0,0,0,0,0,0,0
C3010,35,00,0000,State - ANDAMAN & NICOBAR ISLANDS  35,Urban,15-19,12154,6669,5485,7554,3985,3569,6713,3618,3095,599,264,335,157,64,93,83,38,45,2,1,1
C3010,35,00,0000,State - ANDAMAN & NICOBAR ISLANDS  35,Urban,20-24,13863,7930,5933,2397,1348,1049,619,367,252,1449,805,644,189,97,92,137,79,58,3,0,3
C3010,35,00,0000,State - ANDAMAN & NICOBAR ISLANDS  35,Urban,25-29,13279,7164,6115,275,172,103,0,0,0,119,80,39,70,33,37,83,56,27,3,3,0
C3010,35,00,0000,State - ANDAMAN & NICOBAR ISLANDS  35,Urban,30-34,10236,5898,4338,86,54,32,0,0,0,27,17,10,20,9,11,35,28,7,4,0,4
C3010,35,00,0000,State - ANDAMAN & NICOBAR ISLANDS  35,Urban,35-59,30311,17495,12816,89,56,33,0,0,0,24,17,7,34,20,14,27,19,8,4,0,4
C3010,35,00,0000,State - ANDAMAN & NICOBAR ISLANDS  35,Urban,60+,4198,2337,1861,3,1,2,0,0,0,2,1,1,1,0,1,0,0,0,0,0,0
C3010,35,00,0000,State - ANDAMAN & NICOBAR ISLANDS  35,Urban,Age not stated,720,407,313,15,6,9,0,0,0,8,2,6,5,3,2,2,1,1,0,0,0
